Esto es un comentario
250 250 3158
1 6
1 19
1 21
1 28
1 31
1 53
1 54
1 58
1 78
1 123
1 125
1 168
1 184
1 190
1 191
1 203
1 212
1 217
1 225
2 5
2 8
2 23
2 35
2 87
2 95
2 103
2 106
2 129
2 142
2 164
2 169
2 175
2 177
2 182
2 211
3 13
3 18
3 24
3 26
3 28
3 62
3 63
3 71
3 83
3 85
3 93
3 105
3 107
3 108
3 117
3 123
3 125
3 130
3 147
3 156
3 168
3 180
3 182
3 185
3 192
3 193
3 195
3 209
3 214
3 219
3 227
3 228
3 230
3 237
4 30
4 40
4 54
4 63
4 64
4 65
4 73
4 97
4 111
4 121
4 136
4 137
4 154
4 161
4 170
4 176
4 181
4 190
4 192
4 195
4 196
4 215
4 217
4 228
4 240
4 246
4 250
5 30
5 39
5 60
5 68
5 70
5 78
5 79
5 102
5 103
5 113
5 121
5 131
5 133
5 139
5 154
5 178
5 186
5 190
5 194
5 220
5 224
5 233
5 237
6 9
6 26
6 32
6 36
6 64
6 94
6 102
6 111
6 127
6 166
6 179
6 182
6 194
6 195
6 197
6 198
6 211
6 213
6 215
6 220
6 225
6 231
6 237
6 240
6 250
7 8
7 9
7 12
7 20
7 31
7 36
7 40
7 43
7 60
7 73
7 87
7 97
7 113
7 123
7 129
7 130
7 158
7 163
7 166
7 185
7 195
7 197
7 203
7 206
7 215
7 248
7 250
8 15
8 18
8 19
8 25
8 27
8 36
8 38
8 47
8 53
8 54
8 55
8 70
8 75
8 85
8 96
8 108
8 119
8 125
8 189
8 213
8 217
8 218
9 19
9 20
9 38
9 40
9 41
9 64
9 82
9 90
9 99
9 109
9 115
9 116
9 151
9 156
9 157
9 172
9 186
9 191
9 213
9 223
9 228
10 16
10 29
10 33
10 36
10 49
10 50
10 62
10 66
10 67
10 112
10 123
10 137
10 164
10 165
10 173
10 176
10 186
10 188
10 195
10 201
10 212
10 213
10 240
10 243
10 245
10 248
10 250
11 18
11 19
11 27
11 31
11 46
11 72
11 75
11 109
11 127
11 128
11 133
11 145
11 151
11 152
11 153
11 154
11 169
11 203
11 206
11 209
11 213
11 225
11 234
12 31
12 35
12 38
12 50
12 76
12 120
12 144
12 145
12 160
12 179
12 189
12 192
12 195
12 212
12 215
12 220
12 223
12 241
13 16
13 24
13 40
13 61
13 82
13 91
13 99
13 119
13 128
13 141
13 143
13 149
13 168
13 174
13 183
13 190
13 199
13 216
13 218
13 230
13 236
13 239
13 244
14 20
14 33
14 59
14 69
14 73
14 75
14 77
14 84
14 99
14 102
14 116
14 165
14 182
14 201
14 238
14 245
15 29
15 45
15 48
15 81
15 87
15 106
15 111
15 114
15 121
15 122
15 128
15 133
15 135
15 148
15 151
15 182
15 194
15 199
15 200
15 205
15 217
15 228
15 245
16 40
16 41
16 60
16 66
16 69
16 76
16 77
16 80
16 82
16 97
16 119
16 120
16 124
16 128
16 129
16 141
16 161
16 162
16 168
16 170
16 180
16 186
16 194
16 198
16 206
16 212
16 213
16 218
16 219
16 228
16 237
16 238
16 240
16 246
17 19
17 45
17 52
17 54
17 55
17 86
17 88
17 92
17 95
17 96
17 103
17 116
17 121
17 124
17 129
17 144
17 147
17 165
17 173
17 183
17 187
17 189
17 192
17 193
17 199
17 215
17 216
17 219
17 239
17 248
18 19
18 31
18 35
18 38
18 50
18 59
18 95
18 99
18 104
18 115
18 117
18 126
18 138
18 143
18 175
18 177
18 187
18 203
18 204
18 210
18 217
18 227
18 228
18 232
18 235
18 238
19 33
19 39
19 68
19 69
19 91
19 115
19 116
19 133
19 137
19 141
19 147
19 149
19 162
19 164
19 172
19 177
19 191
19 197
19 205
19 218
19 223
19 237
20 21
20 35
20 37
20 45
20 62
20 66
20 83
20 84
20 86
20 93
20 94
20 109
20 126
20 129
20 135
20 145
20 172
20 177
20 203
20 223
20 230
20 250
21 26
21 49
21 51
21 67
21 85
21 92
21 98
21 99
21 116
21 129
21 148
21 151
21 170
21 174
21 181
21 182
21 208
21 211
21 230
21 242
22 25
22 26
22 31
22 35
22 36
22 52
22 59
22 77
22 85
22 100
22 106
22 140
22 144
22 150
22 161
22 162
22 164
22 178
22 183
22 185
22 188
22 193
22 199
22 213
22 217
22 223
22 226
22 228
22 242
23 30
23 35
23 43
23 44
23 60
23 72
23 77
23 88
23 95
23 101
23 104
23 105
23 106
23 143
23 145
23 150
23 152
23 161
23 162
23 164
23 168
23 184
23 194
23 199
23 231
23 237
24 26
24 53
24 73
24 74
24 78
24 93
24 107
24 108
24 116
24 139
24 155
24 162
24 165
24 184
24 202
24 220
24 230
24 232
24 240
24 243
25 31
25 43
25 46
25 60
25 80
25 85
25 92
25 102
25 116
25 131
25 136
25 138
25 158
25 161
25 168
25 169
25 170
25 181
25 192
25 227
25 234
25 245
25 249
26 50
26 105
26 119
26 120
26 138
26 143
26 146
26 155
26 169
26 173
26 176
26 194
26 196
26 203
26 207
26 212
26 231
26 236
27 29
27 32
27 48
27 52
27 69
27 86
27 88
27 91
27 92
27 99
27 104
27 120
27 133
27 137
27 165
27 177
27 186
27 194
27 207
27 212
27 222
27 224
27 226
27 229
27 234
27 248
28 37
28 54
28 55
28 58
28 60
28 62
28 94
28 98
28 100
28 114
28 145
28 163
28 167
28 183
28 200
28 210
28 216
28 228
28 238
29 33
29 40
29 77
29 79
29 100
29 107
29 109
29 110
29 112
29 123
29 126
29 148
29 150
29 152
29 157
29 166
29 167
29 173
29 176
29 179
29 188
29 202
29 205
29 214
29 215
29 221
30 43
30 48
30 82
30 106
30 127
30 129
30 137
30 147
30 155
30 181
30 194
30 202
30 232
30 233
30 237
31 37
31 82
31 99
31 101
31 106
31 118
31 123
31 125
31 126
31 134
31 136
31 177
31 178
31 179
31 181
31 182
31 183
31 195
31 206
31 221
31 223
31 234
31 238
32 48
32 65
32 71
32 75
32 76
32 80
32 102
32 108
32 128
32 139
32 153
32 159
32 160
32 168
32 173
32 191
32 192
32 198
32 204
32 208
32 212
32 214
32 229
32 243
33 39
33 49
33 54
33 62
33 64
33 71
33 98
33 103
33 119
33 120
33 121
33 125
33 136
33 147
33 153
33 154
33 156
33 158
33 165
33 167
33 173
33 178
33 180
33 185
33 209
33 218
33 231
33 235
34 38
34 52
34 67
34 82
34 86
34 88
34 100
34 104
34 117
34 124
34 127
34 137
34 141
34 159
34 169
34 187
34 199
34 204
34 206
34 210
34 212
34 238
34 249
35 47
35 48
35 103
35 112
35 113
35 124
35 127
35 136
35 137
35 148
35 150
35 152
35 158
35 165
35 168
35 178
35 186
35 206
35 209
35 232
35 249
36 41
36 55
36 74
36 84
36 130
36 131
36 134
36 140
36 145
36 149
36 165
36 174
36 176
36 182
36 186
36 194
36 205
36 212
36 235
36 243
36 250
37 40
37 51
37 56
37 62
37 66
37 72
37 74
37 78
37 83
37 96
37 101
37 105
37 116
37 130
37 133
37 200
37 202
37 208
37 211
37 215
37 219
37 229
37 246
38 42
38 57
38 61
38 64
38 69
38 73
38 76
38 84
38 85
38 94
38 103
38 106
38 108
38 110
38 112
38 114
38 123
38 127
38 143
38 149
38 160
38 161
38 195
38 197
38 207
38 212
38 222
38 230
38 249
39 44
39 45
39 51
39 57
39 62
39 89
39 93
39 99
39 132
39 137
39 145
39 153
39 155
39 165
39 178
39 181
39 183
39 192
39 199
39 205
39 230
39 234
39 236
39 247
40 41
40 50
40 59
40 60
40 73
40 76
40 90
40 99
40 100
40 108
40 112
40 116
40 121
40 129
40 133
40 142
40 145
40 148
40 150
40 170
40 172
40 178
40 179
40 186
40 191
40 193
40 204
40 212
40 226
40 229
40 235
41 49
41 60
41 62
41 75
41 76
41 77
41 88
41 93
41 105
41 109
41 111
41 114
41 115
41 121
41 123
41 130
41 133
41 137
41 143
41 145
41 149
41 157
41 158
41 162
41 165
41 203
41 218
41 220
41 222
41 224
41 231
41 240
41 242
41 243
41 244
42 52
42 72
42 74
42 78
42 97
42 111
42 129
42 134
42 136
42 140
42 143
42 144
42 163
42 166
42 200
42 201
42 204
42 206
42 209
42 228
42 244
42 250
43 53
43 55
43 58
43 60
43 64
43 83
43 93
43 99
43 112
43 118
43 130
43 133
43 157
43 160
43 161
43 166
43 167
43 202
43 219
43 228
43 229
43 249
44 49
44 60
44 82
44 83
44 89
44 99
44 118
44 126
44 127
44 128
44 156
44 161
44 163
44 166
44 178
44 184
44 187
44 211
44 218
44 221
44 224
44 235
44 243
45 47
45 56
45 57
45 70
45 71
45 87
45 89
45 90
45 91
45 109
45 122
45 153
45 169
45 177
45 184
45 185
45 188
45 197
45 205
45 212
45 223
45 224
45 225
45 229
46 47
46 59
46 68
46 69
46 73
46 80
46 81
46 108
46 132
46 133
46 138
46 144
46 163
46 178
46 189
46 210
46 222
46 229
46 250
47 68
47 71
47 75
47 98
47 101
47 102
47 105
47 107
47 174
47 196
47 199
47 213
47 214
47 235
48 50
48 51
48 53
48 65
48 69
48 76
48 85
48 99
48 124
48 132
48 135
48 140
48 150
48 174
48 186
48 190
48 198
48 199
48 210
48 211
48 234
48 240
48 241
48 250
49 53
49 57
49 62
49 72
49 88
49 109
49 115
49 129
49 131
49 156
49 179
49 189
49 225
49 232
49 237
50 51
50 54
50 78
50 89
50 92
50 103
50 110
50 121
50 126
50 130
50 131
50 132
50 165
50 166
50 169
50 170
50 187
50 211
50 212
50 217
51 65
51 77
51 96
51 103
51 116
51 134
51 138
51 154
51 177
51 178
51 180
51 181
51 182
51 185
51 195
51 230
51 236
51 239
51 240
51 248
52 66
52 72
52 83
52 126
52 135
52 146
52 152
52 163
52 172
52 175
52 177
52 189
52 212
52 233
52 235
52 250
53 61
53 67
53 86
53 87
53 93
53 105
53 106
53 113
53 114
53 120
53 127
53 134
53 135
53 137
53 150
53 162
53 172
53 174
53 182
53 183
53 205
53 209
53 229
54 68
54 70
54 80
54 84
54 90
54 91
54 103
54 108
54 117
54 124
54 162
54 166
54 202
54 210
54 213
54 223
54 229
54 231
54 250
55 65
55 74
55 79
55 100
55 105
55 107
55 114
55 118
55 121
55 123
55 142
55 148
55 153
55 155
55 160
55 162
55 163
55 169
55 185
55 209
55 216
55 221
55 229
55 236
55 238
56 66
56 67
56 85
56 95
56 98
56 102
56 130
56 133
56 138
56 141
56 152
56 158
56 164
56 173
56 179
56 189
56 204
56 210
56 218
56 237
56 247
56 249
56 250
57 61
57 79
57 80
57 87
57 105
57 106
57 109
57 110
57 123
57 126
57 131
57 141
57 147
57 153
57 156
57 167
57 175
57 179
57 205
57 207
57 212
57 213
57 223
57 240
58 65
58 74
58 95
58 105
58 124
58 133
58 152
58 155
58 157
58 172
58 174
58 185
58 187
58 197
58 198
58 213
58 219
58 223
58 247
59 60
59 76
59 77
59 84
59 89
59 122
59 130
59 154
59 172
59 184
59 189
59 194
59 214
59 249
60 62
60 66
60 72
60 77
60 95
60 146
60 156
60 165
60 170
60 174
60 175
60 178
60 185
60 192
60 196
60 216
61 63
61 82
61 102
61 112
61 119
61 121
61 125
61 126
61 130
61 139
61 153
61 180
61 194
61 205
61 209
61 211
61 250
62 75
62 85
62 86
62 96
62 137
62 141
62 156
62 166
62 173
62 197
62 207
62 211
62 249
63 66
63 71
63 72
63 86
63 90
63 95
63 109
63 130
63 134
63 161
63 178
63 181
63 183
63 187
63 200
63 220
63 239
64 70
64 85
64 91
64 109
64 120
64 143
64 149
64 157
64 160
64 168
64 191
64 202
64 208
64 225
64 246
65 81
65 87
65 91
65 93
65 98
65 102
65 103
65 108
65 151
65 154
65 166
65 169
65 174
65 177
65 182
65 186
65 197
65 198
65 213
65 220
65 231
65 232
66 69
66 78
66 121
66 124
66 134
66 156
66 166
66 174
66 186
66 191
66 194
66 233
66 242
67 69
67 78
67 80
67 88
67 91
67 92
67 97
67 139
67 142
67 143
67 161
67 173
67 176
67 181
67 184
67 189
67 197
67 205
67 214
67 234
67 241
68 78
68 95
68 103
68 109
68 123
68 149
68 151
68 161
68 164
68 182
68 241
69 80
69 109
69 110
69 125
69 127
69 132
69 175
69 178
69 197
69 199
69 208
69 209
69 214
69 220
69 236
69 244
69 245
69 247
70 77
70 83
70 84
70 87
70 110
70 111
70 120
70 139
70 191
70 209
70 228
70 230
70 234
70 237
70 238
71 85
71 98
71 102
71 115
71 119
71 120
71 123
71 124
71 127
71 129
71 134
71 142
71 159
71 184
71 193
71 197
71 199
71 207
71 221
71 224
71 231
71 241
72 76
72 84
72 92
72 102
72 106
72 122
72 167
72 168
72 188
72 190
72 197
72 203
72 222
72 233
72 237
72 239
72 244
72 247
73 77
73 95
73 119
73 122
73 124
73 138
73 146
73 150
73 156
73 161
73 162
73 166
73 170
73 207
73 222
73 228
73 229
74 76
74 100
74 114
74 149
74 162
74 166
74 186
74 190
74 202
74 212
74 220
74 232
74 233
74 234
74 235
74 237
74 250
75 86
75 93
75 108
75 121
75 123
75 124
75 133
75 134
75 139
75 140
75 150
75 169
75 203
75 219
75 220
75 227
75 248
76 77
76 85
76 106
76 110
76 114
76 118
76 143
76 150
76 154
76 169
76 185
76 187
76 192
76 197
76 198
76 211
76 225
76 244
77 86
77 87
77 94
77 102
77 104
77 112
77 126
77 134
77 138
77 143
77 165
77 167
77 168
77 181
77 205
77 211
77 234
77 242
77 243
78 80
78 114
78 129
78 134
78 138
78 146
78 150
78 166
78 173
78 178
78 180
78 188
78 197
78 198
78 199
78 220
78 233
78 245
79 86
79 88
79 97
79 109
79 110
79 118
79 126
79 127
79 166
79 184
79 198
79 211
79 215
79 227
79 240
80 81
80 84
80 95
80 97
80 100
80 128
80 141
80 156
80 159
80 160
80 173
80 175
80 188
80 210
80 221
80 243
80 247
81 91
81 94
81 102
81 122
81 140
81 144
81 162
81 177
81 192
81 198
81 221
81 223
81 232
81 246
81 248
82 91
82 95
82 101
82 103
82 120
82 129
82 157
82 175
82 179
82 184
82 196
82 238
83 91
83 103
83 120
83 131
83 136
83 142
83 154
83 156
83 161
83 168
83 192
83 193
83 207
83 216
83 219
83 225
84 92
84 94
84 102
84 115
84 148
84 149
84 156
84 163
84 189
84 210
84 212
84 215
84 222
84 229
84 234
84 240
85 95
85 106
85 114
85 127
85 132
85 135
85 136
85 140
85 151
85 153
85 178
85 197
85 215
85 237
85 239
85 245
86 88
86 104
86 110
86 114
86 121
86 124
86 126
86 134
86 153
86 155
86 172
86 176
86 178
86 193
86 228
86 233
86 237
87 93
87 111
87 115
87 139
87 145
87 166
87 171
87 199
87 200
87 208
87 223
87 227
87 234
87 241
87 242
87 249
88 97
88 98
88 99
88 128
88 129
88 132
88 137
88 147
88 158
88 166
88 168
88 179
88 198
88 216
88 218
88 229
88 235
88 236
89 106
89 120
89 124
89 133
89 134
89 140
89 164
89 167
89 170
89 176
89 193
89 206
89 222
89 226
89 240
90 97
90 120
90 127
90 142
90 144
90 145
90 151
90 159
90 166
90 168
90 174
90 180
90 210
90 211
90 214
90 223
90 231
90 236
90 243
90 249
91 93
91 125
91 128
91 130
91 137
91 152
91 156
91 179
91 181
91 189
91 192
91 202
91 218
91 219
91 235
91 246
92 102
92 112
92 113
92 115
92 120
92 121
92 124
92 126
92 132
92 134
92 140
92 146
92 164
92 183
92 187
92 195
92 197
92 199
92 220
92 223
92 225
92 227
92 234
92 240
92 246
93 95
93 113
93 116
93 129
93 144
93 147
93 172
93 189
93 190
93 198
93 207
93 228
93 240
93 246
94 104
94 109
94 111
94 115
94 118
94 131
94 132
94 135
94 148
94 152
94 157
94 164
94 168
94 197
94 221
94 223
94 231
94 240
94 242
94 243
95 121
95 129
95 132
95 157
95 162
95 179
95 185
95 192
95 196
95 197
95 202
95 208
95 213
95 240
95 249
96 119
96 135
96 151
96 155
96 156
96 177
96 180
96 188
96 194
96 195
96 201
96 223
96 224
96 232
96 233
96 243
97 99
97 119
97 125
97 157
97 159
97 160
97 180
97 183
97 191
97 203
97 212
97 215
97 216
97 219
97 244
97 249
98 103
98 132
98 137
98 148
98 164
98 167
98 170
98 182
98 213
98 235
98 247
99 102
99 113
99 133
99 140
99 141
99 152
99 153
99 156
99 157
99 159
99 166
99 167
99 174
99 185
99 194
99 195
99 210
99 230
99 233
99 244
100 110
100 134
100 137
100 164
100 171
100 173
100 175
100 177
100 195
100 224
100 225
101 119
101 123
101 124
101 138
101 141
101 143
101 184
101 191
101 195
101 201
101 206
101 218
101 234
102 113
102 118
102 128
102 145
102 163
102 171
102 172
102 186
102 200
102 208
102 212
102 214
102 220
102 222
102 227
102 247
102 250
103 140
103 153
103 169
103 178
103 185
103 200
103 214
103 219
103 224
103 237
104 108
104 109
104 114
104 116
104 125
104 139
104 143
104 145
104 154
104 165
104 170
104 206
104 224
104 235
104 236
105 111
105 123
105 139
105 149
105 165
105 193
105 194
105 198
105 203
105 205
105 208
105 218
105 220
105 221
105 226
105 231
105 233
105 234
105 240
106 111
106 116
106 137
106 144
106 150
106 152
106 161
106 173
106 177
106 186
106 194
106 198
106 202
106 203
106 216
106 218
106 219
106 222
106 233
106 237
106 242
106 250
107 117
107 135
107 159
107 162
107 167
107 168
107 202
107 203
107 210
107 215
107 221
107 243
107 244
107 248
108 110
108 118
108 123
108 144
108 166
108 172
108 175
108 180
108 194
108 202
108 211
108 215
108 229
108 244
109 125
109 131
109 136
109 140
109 148
109 153
109 173
109 178
109 199
109 219
109 226
109 240
109 246
110 111
110 116
110 124
110 128
110 182
110 190
110 193
110 195
110 198
110 211
110 235
111 118
111 123
111 128
111 136
111 142
111 157
111 169
111 175
111 177
111 186
111 187
111 198
111 205
111 222
111 230
111 248
112 120
112 132
112 147
112 153
112 154
112 164
112 195
112 199
112 214
112 227
112 230
112 244
112 249
113 117
113 139
113 140
113 143
113 183
113 189
113 220
113 233
113 238
113 246
113 250
114 148
114 176
114 177
114 185
114 190
114 197
114 205
114 212
114 218
114 229
114 233
114 235
114 245
114 249
115 126
115 147
115 149
115 167
115 184
115 187
115 188
115 204
115 205
115 213
115 230
115 232
116 130
116 155
116 163
116 165
116 187
116 190
116 196
116 211
116 215
116 223
116 226
116 243
117 130
117 135
117 138
117 147
117 153
117 164
117 170
117 177
117 182
117 193
117 199
117 200
117 208
117 217
117 218
117 221
117 223
117 236
117 241
118 130
118 132
118 146
118 154
118 185
118 190
118 212
118 213
118 227
118 231
118 244
118 246
118 250
119 120
119 127
119 129
119 132
119 145
119 151
119 153
119 156
119 160
119 167
119 168
119 171
119 172
119 173
119 180
119 201
119 202
119 211
119 220
119 223
119 229
119 241
119 249
120 129
120 140
120 156
120 167
120 177
120 194
120 221
120 223
120 243
120 244
121 124
121 126
121 144
121 147
121 154
121 158
121 168
121 182
121 201
121 202
121 212
121 240
121 249
122 137
122 142
122 148
122 156
122 170
122 187
122 195
122 196
122 212
122 240
122 243
122 247
123 140
123 171
123 177
123 185
123 202
123 217
123 218
123 237
123 240
124 132
124 162
124 171
124 175
124 217
124 229
124 230
124 236
124 247
125 128
125 130
125 132
125 149
125 171
125 175
125 178
125 187
125 196
125 197
125 216
125 223
125 235
125 249
126 128
126 141
126 149
126 158
126 165
126 182
126 187
126 193
126 205
126 207
126 210
126 225
126 233
126 237
126 244
126 250
127 129
127 130
127 140
127 156
127 157
127 160
127 166
127 179
127 180
127 202
127 207
127 209
127 212
127 228
127 229
127 231
127 232
128 147
128 169
128 174
128 188
128 198
128 199
128 204
128 223
128 226
128 237
128 238
129 140
129 146
129 148
129 157
129 176
129 179
129 188
129 202
129 231
129 242
129 249
130 143
130 154
130 169
130 177
130 182
130 191
130 193
130 195
130 205
130 223
130 249
131 185
131 186
131 193
131 194
131 202
131 211
131 221
131 222
131 226
131 227
131 228
132 138
132 186
132 191
132 193
132 202
132 204
132 214
132 235
133 152
133 156
133 159
133 174
133 183
133 185
133 199
133 219
133 226
133 239
134 135
134 149
134 160
134 168
134 171
134 183
134 184
134 185
134 246
135 137
135 151
135 166
135 171
135 176
135 197
135 204
135 210
135 225
135 240
136 150
136 158
136 170
136 177
136 178
136 210
136 219
136 228
136 240
136 244
136 245
136 247
137 155
137 171
137 173
137 183
137 184
137 204
137 205
137 220
137 250
138 142
138 144
138 151
138 153
138 162
138 168
138 174
138 184
138 198
138 201
138 229
138 238
138 240
138 248
139 140
139 164
139 169
139 175
139 191
139 201
139 209
139 219
139 239
139 240
140 147
140 173
140 181
140 182
140 185
140 187
140 206
140 210
140 229
140 233
140 234
140 239
141 142
141 147
141 154
141 158
141 162
141 202
141 217
141 228
141 232
141 243
141 248
142 161
142 166
142 182
142 187
142 193
142 206
142 207
142 208
142 210
142 218
142 224
142 228
142 229
142 235
142 236
143 151
143 161
143 163
143 181
143 192
143 235
144 145
144 146
144 163
144 166
144 182
144 199
144 214
144 217
144 219
144 228
144 236
144 248
144 250
145 146
145 148
145 155
145 164
145 197
145 202
145 219
145 232
145 244
146 158
146 159
146 165
146 197
146 207
146 208
146 213
146 217
146 221
146 235
146 236
146 245
147 156
147 168
147 190
147 193
147 195
147 198
147 199
147 243
147 245
148 149
148 157
148 185
148 189
148 194
148 243
149 150
149 153
149 154
149 202
149 204
149 205
149 216
149 217
149 218
149 224
149 229
149 238
149 240
149 246
150 213
150 218
150 235
150 243
151 155
151 158
151 168
151 169
151 178
151 182
151 224
151 236
151 239
151 247
152 170
152 176
152 224
152 229
152 238
152 241
153 154
153 160
153 164
153 181
153 183
153 236
154 156
154 164
154 168
154 176
154 178
154 186
154 196
154 200
155 156
155 160
155 162
155 167
155 176
155 183
155 185
155 214
155 218
155 221
156 157
156 160
156 162
156 182
156 184
156 222
156 238
156 248
157 161
157 169
157 180
157 185
157 194
157 219
157 223
157 227
157 233
157 236
158 168
158 170
158 172
158 173
158 174
158 214
158 216
158 221
158 224
158 227
158 228
158 232
158 235
158 243
158 245
159 162
159 165
159 170
159 211
159 220
159 234
159 235
159 240
160 175
160 178
160 193
160 200
160 213
160 216
160 224
160 228
160 235
160 239
161 165
161 178
161 196
161 198
161 208
161 246
162 179
162 191
162 193
162 205
162 215
162 237
162 243
163 173
163 180
163 182
163 190
163 191
163 199
163 204
163 206
163 211
163 222
163 227
163 247
164 165
164 172
164 192
164 213
164 215
164 216
164 223
164 233
164 239
164 248
165 166
165 169
165 171
165 192
165 201
165 209
165 231
166 187
166 202
166 217
166 233
166 237
166 238
166 246
167 176
167 184
167 190
167 192
167 193
167 206
167 211
167 237
167 238
167 240
167 242
168 173
168 185
168 228
168 245
168 246
168 247
169 178
169 180
169 184
169 188
169 190
169 211
169 218
169 220
169 232
170 178
170 198
170 216
170 225
170 230
170 233
170 237
170 245
170 249
171 172
171 219
171 220
171 246
172 186
172 188
172 201
172 203
172 220
172 227
172 229
172 231
172 234
172 236
173 185
173 191
173 198
173 209
173 210
173 213
173 214
173 240
173 246
173 249
174 198
174 199
174 208
174 216
174 237
174 238
174 239
174 240
174 241
174 247
174 250
175 187
175 195
175 212
175 219
175 229
175 230
176 178
176 194
176 202
176 210
176 214
176 237
176 243
176 249
177 189
177 196
177 199
177 203
177 213
177 216
177 225
177 235
177 241
177 242
178 185
178 188
178 193
178 211
178 212
178 246
179 181
179 183
179 202
179 205
179 206
179 208
179 234
180 184
180 249
181 193
181 211
181 219
181 230
181 245
181 246
181 249
182 222
182 223
182 235
182 245
182 248
183 194
183 205
183 209
183 213
183 217
183 219
183 224
183 235
183 240
183 244
184 185
184 201
184 208
184 212
184 215
184 219
184 228
184 233
184 235
184 236
184 241
184 250
185 189
185 204
185 209
185 236
185 238
186 206
186 233
186 246
187 195
187 197
187 199
187 203
187 208
187 212
187 232
187 234
188 204
188 206
188 209
188 216
188 240
189 198
189 207
189 208
189 209
189 225
189 231
189 247
189 250
190 200
190 208
190 215
190 220
190 221
190 230
191 198
191 202
191 207
191 229
191 232
191 235
192 197
192 233
193 202
193 203
193 207
193 235
193 250
194 201
194 211
194 221
194 234
194 242
194 245
195 196
195 201
195 202
195 207
195 220
195 221
195 225
195 234
195 235
195 238
196 199
196 200
196 223
196 235
196 240
196 243
197 202
197 205
197 217
197 219
197 220
197 221
197 225
197 239
198 206
198 227
199 207
199 210
199 212
199 226
199 228
199 245
199 248
200 214
200 216
200 228
200 249
201 213
201 214
201 217
201 219
201 229
201 242
201 244
201 245
201 250
202 213
202 214
202 216
202 230
202 233
202 236
202 238
203 216
203 221
203 228
203 236
203 238
203 239
203 248
204 212
204 233
204 242
205 208
205 224
205 226
205 233
205 236
205 237
206 218
206 240
207 215
207 231
207 234
207 236
207 239
208 210
208 220
208 235
209 224
209 225
209 238
209 245
209 249
210 217
210 221
210 223
210 227
210 233
210 240
211 222
211 244
211 250
212 228
212 233
212 235
212 236
212 239
213 215
213 222
213 228
213 235
213 244
213 250
214 221
214 247
214 248
215 224
215 229
215 232
215 235
215 238
215 241
215 247
216 220
216 235
216 249
217 239
217 247
218 219
218 221
218 225
218 232
219 220
219 221
219 227
219 228
220 224
220 225
220 226
220 236
220 250
221 234
221 238
221 248
222 225
223 224
223 231
223 232
223 236
223 238
223 241
223 246
224 226
224 237
224 244
224 245
224 249
225 228
225 239
225 242
225 246
226 236
227 236
228 245
229 243
230 231
230 237
232 233
233 234
233 236
234 235
234 238
235 238
235 247
236 238
238 249
239 242
241 249
242 250
243 244
243 245
244 248
248 250
