Esto es un comentario
250 250 9474
1 2
1 3
1 5
1 6
1 7
1 18
1 19
1 20
1 21
1 27
1 28
1 31
1 36
1 40
1 52
1 53
1 54
1 58
1 60
1 64
1 68
1 72
1 78
1 79
1 81
1 89
1 90
1 91
1 95
1 101
1 103
1 108
1 110
1 111
1 121
1 122
1 123
1 125
1 127
1 132
1 134
1 135
1 154
1 156
1 160
1 162
1 163
1 164
1 165
1 166
1 168
1 169
1 172
1 175
1 178
1 182
1 184
1 187
1 189
1 190
1 191
1 196
1 197
1 201
1 202
1 203
1 212
1 215
1 217
1 222
1 225
1 227
1 229
1 233
1 240
1 243
1 244
1 249
2 5
2 8
2 9
2 12
2 19
2 22
2 23
2 35
2 36
2 37
2 39
2 49
2 50
2 63
2 65
2 71
2 74
2 75
2 78
2 79
2 84
2 87
2 90
2 95
2 103
2 106
2 120
2 126
2 129
2 134
2 140
2 142
2 144
2 151
2 152
2 153
2 164
2 165
2 169
2 175
2 177
2 181
2 182
2 183
2 186
2 187
2 190
2 193
2 197
2 202
2 209
2 210
2 211
2 212
2 217
2 221
2 224
2 226
2 231
2 232
2 237
2 240
2 241
2 242
2 243
3 5
3 7
3 8
3 12
3 13
3 14
3 17
3 18
3 22
3 24
3 25
3 26
3 28
3 32
3 39
3 52
3 55
3 59
3 61
3 62
3 63
3 71
3 74
3 80
3 83
3 85
3 86
3 87
3 93
3 105
3 107
3 108
3 117
3 122
3 123
3 124
3 125
3 130
3 134
3 137
3 138
3 143
3 146
3 147
3 156
3 159
3 167
3 168
3 172
3 173
3 180
3 181
3 182
3 185
3 191
3 192
3 193
3 195
3 196
3 198
3 200
3 209
3 213
3 214
3 219
3 223
3 225
3 226
3 227
3 228
3 230
3 232
3 237
3 238
3 239
4 6
4 17
4 18
4 20
4 24
4 30
4 34
4 36
4 40
4 43
4 44
4 54
4 62
4 63
4 64
4 65
4 66
4 70
4 72
4 73
4 75
4 82
4 85
4 97
4 100
4 101
4 104
4 107
4 111
4 114
4 115
4 121
4 128
4 133
4 136
4 137
4 150
4 154
4 161
4 163
4 164
4 170
4 171
4 173
4 176
4 179
4 180
4 181
4 185
4 188
4 190
4 192
4 195
4 196
4 201
4 204
4 207
4 208
4 212
4 215
4 217
4 218
4 220
4 222
4 228
4 231
4 238
4 240
4 244
4 246
4 248
4 250
5 6
5 12
5 16
5 30
5 32
5 34
5 39
5 41
5 44
5 52
5 53
5 54
5 57
5 59
5 60
5 67
5 68
5 69
5 70
5 77
5 78
5 79
5 80
5 83
5 89
5 101
5 102
5 103
5 113
5 121
5 131
5 133
5 139
5 150
5 151
5 154
5 158
5 169
5 174
5 175
5 176
5 178
5 182
5 186
5 190
5 191
5 194
5 198
5 199
5 206
5 209
5 212
5 213
5 216
5 220
5 224
5 226
5 233
5 237
5 239
5 244
5 249
6 9
6 11
6 15
6 18
6 25
6 26
6 31
6 32
6 35
6 36
6 42
6 43
6 44
6 51
6 58
6 59
6 62
6 64
6 65
6 79
6 81
6 94
6 99
6 100
6 102
6 104
6 106
6 107
6 111
6 115
6 117
6 127
6 128
6 129
6 131
6 135
6 136
6 141
6 144
6 149
6 151
6 155
6 166
6 169
6 170
6 176
6 179
6 180
6 182
6 183
6 184
6 185
6 186
6 187
6 190
6 192
6 194
6 195
6 197
6 198
6 202
6 211
6 213
6 215
6 218
6 220
6 225
6 226
6 227
6 229
6 231
6 235
6 237
6 238
6 239
6 240
6 242
6 244
6 245
6 250
7 8
7 9
7 11
7 12
7 14
7 16
7 19
7 20
7 23
7 29
7 31
7 35
7 36
7 37
7 40
7 43
7 49
7 53
7 57
7 60
7 67
7 72
7 73
7 78
7 84
7 86
7 87
7 89
7 93
7 94
7 96
7 97
7 98
7 101
7 111
7 113
7 120
7 122
7 123
7 125
7 128
7 129
7 130
7 131
7 134
7 136
7 139
7 145
7 149
7 154
7 158
7 163
7 166
7 175
7 178
7 180
7 184
7 185
7 187
7 191
7 194
7 195
7 196
7 197
7 200
7 202
7 203
7 206
7 215
7 217
7 222
7 226
7 227
7 228
7 240
7 243
7 248
7 250
8 9
8 12
8 15
8 17
8 18
8 19
8 25
8 26
8 27
8 31
8 36
8 38
8 46
8 47
8 52
8 53
8 54
8 55
8 56
8 60
8 64
8 65
8 66
8 70
8 72
8 75
8 77
8 85
8 93
8 95
8 96
8 100
8 108
8 110
8 114
8 119
8 120
8 121
8 124
8 125
8 126
8 130
8 132
8 139
8 142
8 143
8 144
8 145
8 146
8 150
8 153
8 157
8 164
8 165
8 169
8 175
8 179
8 189
8 190
8 195
8 197
8 204
8 209
8 213
8 214
8 215
8 217
8 218
8 227
8 244
8 245
8 246
8 249
9 10
9 15
9 19
9 20
9 26
9 27
9 30
9 33
9 38
9 40
9 41
9 49
9 50
9 54
9 59
9 62
9 64
9 65
9 66
9 67
9 73
9 82
9 88
9 90
9 95
9 98
9 99
9 101
9 106
9 109
9 115
9 116
9 117
9 118
9 119
9 124
9 129
9 135
9 147
9 149
9 151
9 153
9 154
9 156
9 157
9 162
9 163
9 167
9 168
9 172
9 173
9 174
9 176
9 186
9 191
9 213
9 217
9 219
9 223
9 225
9 227
9 228
9 233
9 239
9 249
9 250
10 16
10 20
10 26
10 27
10 29
10 33
10 35
10 36
10 38
10 39
10 46
10 49
10 50
10 51
10 54
10 55
10 61
10 62
10 66
10 67
10 79
10 81
10 91
10 92
10 102
10 103
10 105
10 111
10 112
10 117
10 119
10 123
10 126
10 127
10 128
10 129
10 132
10 134
10 135
10 136
10 137
10 138
10 141
10 142
10 146
10 148
10 152
10 153
10 164
10 165
10 167
10 168
10 173
10 175
10 176
10 177
10 180
10 186
10 188
10 189
10 195
10 200
10 201
10 211
10 212
10 213
10 219
10 221
10 235
10 237
10 240
10 242
10 243
10 245
10 246
10 248
10 250
11 13
11 18
11 19
11 27
11 29
11 30
11 31
11 32
11 39
11 46
11 51
11 52
11 54
11 55
11 58
11 59
11 64
11 69
11 72
11 75
11 81
11 86
11 90
11 91
11 93
11 94
11 96
11 102
11 107
11 109
11 115
11 121
11 122
11 127
11 128
11 132
11 133
11 134
11 136
11 137
11 145
11 146
11 147
11 151
11 152
11 153
11 154
11 157
11 163
11 169
11 170
11 178
11 184
11 185
11 187
11 201
11 203
11 204
11 206
11 209
11 210
11 213
11 215
11 216
11 218
11 219
11 221
11 225
11 234
11 242
11 247
11 249
12 15
12 24
12 31
12 35
12 38
12 48
12 50
12 53
12 56
12 58
12 60
12 61
12 74
12 76
12 77
12 81
12 82
12 83
12 100
12 101
12 102
12 106
12 107
12 108
12 112
12 120
12 130
12 131
12 138
12 144
12 145
12 149
12 150
12 152
12 153
12 160
12 169
12 171
12 173
12 174
12 178
12 179
12 189
12 192
12 194
12 195
12 199
12 208
12 212
12 215
12 216
12 220
12 222
12 223
12 228
12 229
12 234
12 237
12 241
12 244
12 247
13 14
13 16
13 18
13 20
13 21
13 24
13 35
13 39
13 40
13 42
13 44
13 54
13 56
13 59
13 61
13 70
13 72
13 78
13 82
13 91
13 92
13 96
13 97
13 98
13 99
13 102
13 113
13 119
13 121
13 124
13 128
13 133
13 138
13 139
13 141
13 143
13 145
13 149
13 150
13 160
13 168
13 171
13 173
13 174
13 176
13 180
13 182
13 183
13 189
13 190
13 195
13 197
13 199
13 200
13 202
13 204
13 206
13 207
13 208
13 211
13 212
13 216
13 218
13 219
13 220
13 222
13 226
13 230
13 231
13 233
13 236
13 237
13 239
13 241
13 243
13 244
13 246
13 247
14 15
14 18
14 20
14 21
14 33
14 34
14 36
14 38
14 40
14 55
14 57
14 59
14 60
14 63
14 67
14 69
14 72
14 73
14 75
14 77
14 79
14 81
14 82
14 84
14 89
14 92
14 95
14 99
14 102
14 116
14 117
14 124
14 125
14 131
14 133
14 138
14 139
14 141
14 152
14 165
14 182
14 193
14 196
14 201
14 210
14 237
14 238
14 245
14 246
14 248
15 19
15 23
15 24
15 27
15 29
15 30
15 31
15 42
15 44
15 45
15 48
15 62
15 63
15 64
15 68
15 81
15 87
15 89
15 95
15 106
15 111
15 112
15 114
15 120
15 121
15 122
15 123
15 128
15 131
15 132
15 133
15 135
15 136
15 147
15 148
15 151
15 161
15 162
15 164
15 166
15 167
15 169
15 176
15 182
15 194
15 195
15 197
15 199
15 200
15 201
15 205
15 210
15 217
15 218
15 223
15 224
15 228
15 234
15 235
15 237
15 241
15 243
15 245
15 249
16 21
16 22
16 24
16 30
16 31
16 34
16 35
16 40
16 41
16 42
16 46
16 56
16 60
16 65
16 66
16 69
16 76
16 77
16 80
16 81
16 82
16 86
16 87
16 88
16 91
16 95
16 97
16 99
16 101
16 110
16 111
16 112
16 114
16 116
16 117
16 118
16 119
16 120
16 124
16 128
16 129
16 131
16 132
16 136
16 141
16 146
16 156
16 161
16 162
16 167
16 168
16 170
16 172
16 173
16 178
16 180
16 186
16 189
16 190
16 194
16 198
16 206
16 211
16 212
16 213
16 214
16 215
16 218
16 219
16 220
16 223
16 226
16 228
16 235
16 237
16 238
16 240
16 243
16 246
17 19
17 20
17 33
17 38
17 39
17 41
17 45
17 49
17 51
17 52
17 53
17 54
17 55
17 56
17 58
17 60
17 63
17 73
17 77
17 80
17 86
17 87
17 88
17 89
17 92
17 95
17 96
17 103
17 105
17 108
17 110
17 115
17 116
17 121
17 122
17 124
17 125
17 126
17 129
17 130
17 131
17 133
17 144
17 147
17 150
17 154
17 158
17 159
17 160
17 161
17 165
17 166
17 167
17 168
17 170
17 171
17 173
17 180
17 183
17 184
17 187
17 189
17 192
17 193
17 195
17 199
17 201
17 215
17 216
17 217
17 219
17 221
17 222
17 227
17 235
17 239
17 240
17 242
17 248
18 19
18 31
18 33
18 35
18 38
18 39
18 44
18 50
18 53
18 56
18 57
18 59
18 62
18 64
18 67
18 70
18 73
18 75
18 87
18 90
18 92
18 94
18 95
18 99
18 101
18 102
18 104
18 106
18 107
18 109
18 110
18 115
18 117
18 119
18 122
18 126
18 129
18 134
18 138
18 139
18 143
18 144
18 146
18 151
18 152
18 154
18 155
18 157
18 158
18 161
18 163
18 169
18 175
18 176
18 177
18 178
18 179
18 180
18 181
18 183
18 184
18 187
18 189
18 195
18 197
18 200
18 203
18 204
18 205
18 209
18 210
18 213
18 216
18 217
18 218
18 223
18 224
18 227
18 228
18 229
18 232
18 235
18 238
18 241
18 242
18 243
18 249
18 250
19 20
19 21
19 24
19 26
19 33
19 34
19 35
19 39
19 43
19 45
19 47
19 60
19 63
19 65
19 68
19 69
19 80
19 81
19 85
19 88
19 91
19 92
19 104
19 106
19 107
19 108
19 114
19 115
19 116
19 121
19 122
19 124
19 125
19 129
19 131
19 132
19 133
19 137
19 138
19 141
19 142
19 147
19 149
19 153
19 154
19 158
19 162
19 164
19 171
19 172
19 173
19 174
19 177
19 181
19 186
19 190
19 191
19 197
19 200
19 205
19 208
19 213
19 214
19 216
19 218
19 220
19 221
19 223
19 225
19 230
19 232
19 234
19 237
19 238
19 240
19 242
19 247
20 21
20 22
20 23
20 35
20 36
20 37
20 45
20 47
20 53
20 54
20 55
20 57
20 60
20 62
20 64
20 65
20 66
20 67
20 70
20 71
20 72
20 73
20 79
20 83
20 84
20 86
20 87
20 89
20 93
20 94
20 99
20 101
20 103
20 106
20 107
20 109
20 116
20 119
20 126
20 129
20 130
20 134
20 135
20 137
20 145
20 150
20 167
20 168
20 172
20 176
20 177
20 178
20 180
20 187
20 192
20 196
20 200
20 203
20 205
20 208
20 209
20 216
20 219
20 223
20 227
20 230
20 238
20 245
20 249
20 250
21 23
21 26
21 29
21 31
21 35
21 37
21 38
21 42
21 48
21 49
21 51
21 56
21 59
21 61
21 67
21 69
21 71
21 72
21 77
21 79
21 80
21 81
21 85
21 87
21 88
21 92
21 94
21 98
21 99
21 101
21 102
21 109
21 116
21 117
21 120
21 125
21 128
21 129
21 132
21 142
21 144
21 145
21 148
21 149
21 151
21 152
21 153
21 160
21 161
21 162
21 163
21 165
21 170
21 174
21 176
21 177
21 181
21 182
21 187
21 188
21 189
21 196
21 203
21 208
21 209
21 210
21 211
21 218
21 221
21 222
21 227
21 228
21 229
21 230
21 233
21 238
21 241
21 242
21 243
21 247
21 248
22 23
22 25
22 26
22 27
22 30
22 31
22 33
22 35
22 36
22 37
22 38
22 41
22 43
22 48
22 49
22 52
22 59
22 65
22 66
22 67
22 70
22 77
22 82
22 85
22 86
22 92
22 95
22 100
22 103
22 104
22 105
22 106
22 114
22 115
22 120
22 122
22 127
22 128
22 130
22 134
22 137
22 139
22 140
22 142
22 144
22 145
22 147
22 150
22 151
22 152
22 161
22 162
22 163
22 164
22 169
22 171
22 172
22 178
22 183
22 185
22 188
22 189
22 193
22 194
22 195
22 196
22 199
22 200
22 202
22 203
22 205
22 207
22 213
22 217
22 219
22 222
22 223
22 224
22 226
22 228
22 230
22 235
22 242
22 243
22 245
22 249
23 26
23 30
23 35
23 43
23 44
23 45
23 46
23 50
23 53
23 57
23 60
23 64
23 66
23 68
23 72
23 74
23 77
23 88
23 95
23 101
23 104
23 105
23 106
23 119
23 125
23 126
23 127
23 128
23 132
23 133
23 135
23 141
23 143
23 144
23 145
23 146
23 149
23 150
23 152
23 153
23 154
23 155
23 161
23 162
23 163
23 164
23 168
23 177
23 182
23 183
23 184
23 187
23 189
23 190
23 191
23 194
23 199
23 200
23 207
23 212
23 220
23 226
23 231
23 232
23 234
23 236
23 237
23 243
23 246
24 25
24 26
24 28
24 31
24 35
24 36
24 41
24 42
24 43
24 44
24 53
24 54
24 57
24 59
24 62
24 72
24 73
24 74
24 76
24 78
24 80
24 84
24 92
24 93
24 94
24 97
24 98
24 99
24 100
24 102
24 103
24 107
24 108
24 112
24 114
24 116
24 118
24 124
24 128
24 131
24 132
24 135
24 138
24 139
24 151
24 152
24 155
24 161
24 162
24 165
24 169
24 173
24 177
24 184
24 186
24 190
24 192
24 194
24 201
24 202
24 209
24 213
24 215
24 218
24 220
24 230
24 231
24 232
24 235
24 236
24 237
24 239
24 240
24 243
24 246
24 247
25 28
25 31
25 35
25 36
25 41
25 43
25 46
25 52
25 58
25 60
25 65
25 66
25 69
25 71
25 72
25 80
25 85
25 92
25 94
25 102
25 103
25 106
25 114
25 116
25 119
25 121
25 124
25 128
25 131
25 136
25 138
25 140
25 145
25 158
25 161
25 162
25 168
25 169
25 170
25 171
25 172
25 180
25 181
25 186
25 189
25 192
25 196
25 199
25 208
25 209
25 215
25 217
25 220
25 222
25 225
25 227
25 234
25 239
25 242
25 245
25 249
26 29
26 32
26 36
26 46
26 50
26 52
26 56
26 59
26 62
26 64
26 66
26 68
26 69
26 70
26 73
26 74
26 77
26 80
26 90
26 92
26 96
26 97
26 105
26 107
26 115
26 119
26 120
26 121
26 122
26 123
26 125
26 127
26 130
26 133
26 137
26 138
26 139
26 140
26 143
26 144
26 146
26 155
26 160
26 163
26 169
26 173
26 176
26 182
26 185
26 187
26 188
26 193
26 194
26 196
26 199
26 203
26 207
26 208
26 210
26 212
26 216
26 217
26 221
26 222
26 225
26 226
26 228
26 231
26 234
26 235
26 236
26 239
26 246
26 249
27 29
27 30
27 31
27 32
27 38
27 39
27 47
27 48
27 52
27 53
27 55
27 59
27 62
27 63
27 64
27 67
27 69
27 71
27 79
27 80
27 82
27 84
27 86
27 88
27 89
27 91
27 92
27 93
27 99
27 102
27 104
27 109
27 110
27 113
27 117
27 120
27 128
27 133
27 134
27 137
27 138
27 143
27 147
27 150
27 156
27 157
27 158
27 159
27 165
27 169
27 171
27 174
27 176
27 177
27 180
27 181
27 182
27 183
27 186
27 189
27 193
27 194
27 195
27 198
27 203
27 207
27 209
27 211
27 212
27 222
27 223
27 224
27 226
27 229
27 233
27 234
27 239
27 240
27 242
27 244
27 247
27 248
27 250
28 32
28 37
28 41
28 50
28 54
28 55
28 58
28 60
28 62
28 75
28 77
28 78
28 85
28 94
28 98
28 100
28 106
28 110
28 112
28 114
28 119
28 121
28 122
28 138
28 141
28 143
28 145
28 146
28 151
28 153
28 160
28 161
28 163
28 167
28 169
28 171
28 172
28 179
28 182
28 183
28 188
28 191
28 197
28 198
28 200
28 202
28 204
28 210
28 212
28 213
28 215
28 216
28 226
28 228
28 230
28 236
28 238
28 241
28 243
28 244
29 33
29 36
29 39
29 40
29 41
29 46
29 49
29 62
29 65
29 69
29 70
29 77
29 79
29 81
29 87
29 93
29 95
29 100
29 101
29 107
29 109
29 110
29 112
29 123
29 126
29 127
29 130
29 131
29 138
29 140
29 141
29 148
29 150
29 152
29 156
29 157
29 165
29 166
29 167
29 170
29 172
29 173
29 176
29 178
29 179
29 187
29 188
29 192
29 193
29 197
29 202
29 203
29 204
29 205
29 206
29 208
29 214
29 215
29 216
29 218
29 221
29 230
29 233
29 235
29 236
30 31
30 32
30 39
30 43
30 44
30 45
30 48
30 49
30 61
30 67
30 72
30 74
30 76
30 82
30 86
30 88
30 91
30 92
30 94
30 95
30 97
30 98
30 105
30 106
30 111
30 115
30 116
30 117
30 120
30 124
30 127
30 129
30 133
30 137
30 142
30 147
30 149
30 150
30 155
30 157
30 179
30 181
30 182
30 185
30 186
30 194
30 197
30 200
30 202
30 203
30 206
30 208
30 210
30 213
30 215
30 224
30 226
30 232
30 233
30 237
30 240
30 242
30 245
30 246
30 248
31 35
31 37
31 40
31 44
31 45
31 54
31 56
31 58
31 62
31 63
31 65
31 76
31 77
31 78
31 80
31 82
31 84
31 85
31 87
31 99
31 100
31 101
31 106
31 107
31 113
31 118
31 120
31 123
31 125
31 126
31 128
31 132
31 134
31 135
31 136
31 137
31 145
31 149
31 151
31 152
31 156
31 159
31 160
31 161
31 163
31 168
31 170
31 177
31 178
31 179
31 181
31 182
31 183
31 185
31 186
31 191
31 194
31 195
31 201
31 206
31 207
31 213
31 215
31 220
31 221
31 223
31 226
31 227
31 229
31 231
31 233
31 234
31 235
31 238
31 243
32 33
32 35
32 42
32 43
32 48
32 49
32 50
32 56
32 58
32 60
32 64
32 65
32 67
32 70
32 71
32 75
32 76
32 80
32 82
32 83
32 86
32 88
32 89
32 93
32 102
32 108
32 109
32 112
32 119
32 124
32 127
32 128
32 130
32 139
32 140
32 142
32 147
32 151
32 153
32 154
32 159
32 160
32 168
32 171
32 173
32 187
32 188
32 190
32 191
32 192
32 197
32 198
32 203
32 204
32 205
32 207
32 208
32 212
32 214
32 217
32 219
32 229
32 230
32 233
32 235
32 238
32 243
32 248
32 249
32 250
33 34
33 39
33 43
33 44
33 49
33 53
33 54
33 55
33 59
33 62
33 64
33 65
33 69
33 70
33 71
33 83
33 86
33 91
33 94
33 98
33 99
33 101
33 103
33 104
33 116
33 119
33 120
33 121
33 124
33 125
33 135
33 136
33 141
33 143
33 147
33 149
33 150
33 153
33 154
33 155
33 156
33 158
33 165
33 166
33 167
33 173
33 178
33 180
33 181
33 185
33 187
33 191
33 192
33 193
33 195
33 196
33 197
33 199
33 200
33 204
33 209
33 210
33 212
33 213
33 217
33 218
33 220
33 228
33 229
33 231
33 235
33 238
33 239
33 242
33 245
33 248
33 249
34 38
34 40
34 46
34 47
34 51
34 52
34 60
34 62
34 67
34 70
34 72
34 73
34 74
34 76
34 82
34 84
34 86
34 88
34 89
34 100
34 104
34 107
34 110
34 117
34 122
34 124
34 127
34 130
34 134
34 137
34 141
34 147
34 149
34 156
34 158
34 159
34 162
34 164
34 166
34 169
34 173
34 174
34 175
34 176
34 177
34 180
34 187
34 191
34 192
34 193
34 197
34 199
34 202
34 203
34 204
34 206
34 209
34 210
34 212
34 214
34 216
34 225
34 226
34 228
34 231
34 233
34 238
34 242
34 245
34 249
35 41
35 42
35 43
35 47
35 48
35 59
35 60
35 61
35 65
35 68
35 69
35 74
35 77
35 80
35 89
35 103
35 109
35 112
35 113
35 114
35 120
35 122
35 124
35 126
35 127
35 131
35 134
35 135
35 136
35 137
35 147
35 148
35 150
35 152
35 153
35 155
35 158
35 161
35 165
35 167
35 168
35 169
35 171
35 174
35 177
35 178
35 179
35 186
35 196
35 200
35 201
35 203
35 206
35 209
35 212
35 215
35 226
35 231
35 232
35 239
35 248
35 249
36 37
36 38
36 40
36 41
36 42
36 51
36 52
36 55
36 61
36 65
36 68
36 74
36 84
36 86
36 94
36 95
36 103
36 104
36 107
36 112
36 115
36 120
36 130
36 131
36 133
36 134
36 138
36 140
36 143
36 145
36 149
36 154
36 155
36 162
36 164
36 165
36 170
36 171
36 174
36 176
36 179
36 182
36 186
36 188
36 194
36 205
36 211
36 212
36 214
36 217
36 226
36 227
36 230
36 234
36 235
36 240
36 243
36 250
37 40
37 41
37 42
37 45
37 46
37 47
37 48
37 51
37 53
37 56
37 59
37 62
37 66
37 72
37 73
37 74
37 78
37 83
37 84
37 90
37 91
37 94
37 96
37 101
37 105
37 106
37 110
37 112
37 116
37 117
37 124
37 129
37 130
37 132
37 133
37 135
37 142
37 146
37 150
37 152
37 154
37 159
37 162
37 167
37 169
37 172
37 173
37 194
37 195
37 198
37 200
37 202
37 208
37 211
37 215
37 219
37 229
37 230
37 231
37 236
37 240
37 245
37 246
37 250
38 40
38 42
38 47
38 49
38 52
38 57
38 60
38 61
38 63
38 64
38 66
38 67
38 69
38 70
38 73
38 76
38 84
38 85
38 93
38 94
38 97
38 101
38 103
38 106
38 107
38 108
38 110
38 111
38 112
38 114
38 118
38 120
38 123
38 127
38 128
38 129
38 143
38 149
38 160
38 161
38 165
38 178
38 179
38 181
38 182
38 184
38 185
38 187
38 191
38 192
38 195
38 197
38 199
38 201
38 202
38 207
38 212
38 221
38 222
38 223
38 230
38 234
38 235
38 237
38 245
38 249
39 41
39 44
39 45
39 51
39 57
39 58
39 62
39 66
39 69
39 71
39 73
39 78
39 85
39 86
39 88
39 89
39 90
39 93
39 99
39 118
39 126
39 128
39 129
39 132
39 137
39 145
39 148
39 152
39 153
39 155
39 156
39 161
39 165
39 174
39 175
39 177
39 178
39 181
39 183
39 191
39 192
39 199
39 202
39 204
39 205
39 213
39 216
39 227
39 230
39 234
39 236
39 244
39 245
39 247
39 249
40 41
40 43
40 46
40 47
40 50
40 53
40 57
40 59
40 60
40 66
40 73
40 76
40 82
40 90
40 97
40 99
40 100
40 104
40 108
40 112
40 116
40 119
40 121
40 124
40 127
40 129
40 131
40 133
40 135
40 142
40 145
40 148
40 149
40 150
40 151
40 152
40 160
40 165
40 170
40 172
40 177
40 178
40 179
40 180
40 183
40 186
40 189
40 191
40 193
40 196
40 199
40 200
40 204
40 205
40 207
40 212
40 215
40 216
40 217
40 218
40 219
40 224
40 226
40 229
40 232
40 233
40 235
40 244
40 245
40 247
41 44
41 45
41 47
41 49
41 60
41 62
41 64
41 74
41 75
41 76
41 77
41 78
41 79
41 82
41 83
41 88
41 91
41 92
41 93
41 94
41 101
41 104
41 105
41 109
41 110
41 111
41 114
41 115
41 121
41 123
41 125
41 130
41 132
41 133
41 134
41 137
41 139
41 140
41 141
41 142
41 143
41 145
41 146
41 148
41 149
41 154
41 155
41 157
41 158
41 161
41 162
41 165
41 171
41 173
41 179
41 181
41 184
41 188
41 191
41 194
41 197
41 200
41 203
41 205
41 211
41 212
41 213
41 215
41 216
41 218
41 220
41 222
41 223
41 224
41 225
41 227
41 231
41 237
41 239
41 240
41 241
41 242
41 243
41 244
41 246
42 51
42 52
42 55
42 56
42 59
42 62
42 67
42 69
42 72
42 74
42 78
42 80
42 85
42 87
42 88
42 89
42 93
42 94
42 95
42 97
42 103
42 104
42 105
42 108
42 111
42 115
42 119
42 121
42 129
42 132
42 133
42 134
42 135
42 136
42 140
42 141
42 142
42 143
42 144
42 150
42 163
42 166
42 167
42 170
42 171
42 179
42 181
42 192
42 195
42 199
42 200
42 201
42 202
42 204
42 206
42 209
42 210
42 212
42 213
42 223
42 228
42 229
42 239
42 244
42 248
42 250
43 45
43 47
43 50
43 51
43 53
43 55
43 58
43 60
43 63
43 64
43 71
43 74
43 82
43 83
43 86
43 93
43 98
43 99
43 101
43 103
43 104
43 112
43 114
43 117
43 118
43 119
43 120
43 125
43 127
43 130
43 133
43 143
43 147
43 148
43 154
43 155
43 156
43 157
43 159
43 160
43 161
43 166
43 167
43 172
43 180
43 186
43 191
43 197
43 199
43 202
43 207
43 211
43 214
43 215
43 218
43 219
43 223
43 224
43 228
43 229
43 230
43 235
43 237
43 239
43 240
43 243
43 249
44 45
44 49
44 50
44 51
44 53
44 56
44 60
44 62
44 63
44 64
44 65
44 68
44 72
44 79
44 82
44 83
44 84
44 85
44 88
44 89
44 94
44 95
44 99
44 106
44 108
44 118
44 122
44 123
44 126
44 127
44 128
44 131
44 133
44 135
44 138
44 140
44 148
44 156
44 157
44 161
44 163
44 166
44 178
44 184
44 187
44 190
44 192
44 195
44 202
44 203
44 204
44 207
44 208
44 211
44 216
44 218
44 219
44 221
44 222
44 224
44 225
44 226
44 232
44 234
44 235
44 241
44 243
44 249
45 47
45 51
45 56
45 57
45 64
45 67
45 70
45 71
45 72
45 80
45 81
45 84
45 87
45 88
45 89
45 90
45 91
45 94
45 96
45 97
45 105
45 107
45 109
45 111
45 112
45 113
45 114
45 115
45 117
45 119
45 122
45 124
45 128
45 130
45 137
45 142
45 147
45 148
45 153
45 156
45 165
45 166
45 168
45 169
45 173
45 177
45 184
45 185
45 186
45 188
45 190
45 191
45 197
45 204
45 205
45 207
45 210
45 211
45 212
45 213
45 215
45 222
45 223
45 224
45 225
45 226
45 227
45 229
45 240
45 241
45 247
46 47
46 51
46 55
46 59
46 61
46 62
46 68
46 69
46 73
46 74
46 78
46 80
46 81
46 82
46 85
46 89
46 100
46 101
46 108
46 111
46 116
46 118
46 123
46 125
46 126
46 130
46 132
46 133
46 138
46 142
46 144
46 150
46 152
46 153
46 157
46 163
46 166
46 173
46 176
46 178
46 181
46 183
46 189
46 195
46 200
46 207
46 210
46 219
46 222
46 223
46 224
46 227
46 228
46 229
46 231
46 233
46 236
46 237
46 239
46 243
46 250
47 52
47 57
47 62
47 64
47 65
47 68
47 71
47 72
47 75
47 84
47 87
47 93
47 95
47 98
47 99
47 101
47 102
47 103
47 104
47 105
47 107
47 120
47 123
47 127
47 130
47 131
47 134
47 135
47 143
47 152
47 155
47 156
47 157
47 159
47 166
47 174
47 177
47 179
47 186
47 187
47 193
47 196
47 199
47 201
47 206
47 209
47 211
47 213
47 214
47 218
47 220
47 223
47 225
47 226
47 227
47 230
47 232
47 235
47 239
47 241
47 242
47 243
47 245
47 246
48 50
48 51
48 53
48 59
48 60
48 65
48 69
48 70
48 76
48 82
48 85
48 90
48 93
48 95
48 99
48 101
48 104
48 108
48 113
48 114
48 115
48 121
48 124
48 127
48 132
48 133
48 135
48 137
48 140
48 145
48 150
48 151
48 153
48 160
48 163
48 171
48 174
48 178
48 186
48 187
48 189
48 190
48 196
48 198
48 199
48 204
48 210
48 211
48 213
48 217
48 220
48 234
48 239
48 240
48 241
48 250
49 51
49 53
49 56
49 57
49 62
49 66
49 67
49 71
49 72
49 78
49 79
49 80
49 88
49 98
49 106
49 107
49 109
49 112
49 113
49 114
49 115
49 116
49 118
49 122
49 129
49 131
49 132
49 134
49 135
49 147
49 150
49 153
49 155
49 156
49 158
49 175
49 179
49 182
49 184
49 186
49 187
49 189
49 190
49 197
49 207
49 213
49 214
49 217
49 222
49 224
49 225
49 232
49 237
49 240
49 241
49 244
50 51
50 54
50 55
50 61
50 76
50 78
50 81
50 85
50 87
50 89
50 92
50 103
50 110
50 116
50 117
50 121
50 122
50 123
50 124
50 125
50 126
50 129
50 130
50 131
50 132
50 138
50 147
50 156
50 157
50 160
50 161
50 165
50 166
50 169
50 170
50 179
50 187
50 190
50 191
50 192
50 194
50 201
50 202
50 204
50 208
50 211
50 212
50 215
50 216
50 217
50 221
50 228
50 233
50 241
50 242
50 245
51 56
51 57
51 62
51 65
51 66
51 70
51 75
51 77
51 80
51 81
51 86
51 91
51 92
51 96
51 102
51 103
51 111
51 113
51 116
51 121
51 125
51 127
51 129
51 130
51 133
51 134
51 138
51 154
51 161
51 177
51 178
51 179
51 180
51 181
51 182
51 185
51 188
51 193
51 195
51 208
51 209
51 210
51 211
51 213
51 216
51 218
51 221
51 227
51 230
51 233
51 236
51 239
51 240
51 242
51 247
51 248
52 55
52 56
52 59
52 65
52 66
52 67
52 72
52 73
52 75
52 78
52 80
52 83
52 87
52 91
52 94
52 99
52 100
52 101
52 106
52 107
52 115
52 125
52 126
52 127
52 130
52 132
52 135
52 143
52 146
52 147
52 148
52 151
52 152
52 156
52 159
52 161
52 163
52 165
52 171
52 172
52 175
52 177
52 180
52 182
52 189
52 191
52 195
52 201
52 203
52 206
52 210
52 211
52 212
52 213
52 214
52 218
52 227
52 230
52 233
52 235
52 238
52 239
52 250
53 59
53 61
53 63
53 67
53 70
53 75
53 77
53 78
53 86
53 87
53 93
53 96
53 97
53 98
53 99
53 104
53 105
53 106
53 107
53 108
53 113
53 114
53 115
53 116
53 120
53 123
53 127
53 130
53 134
53 135
53 137
53 138
53 146
53 150
53 155
53 156
53 158
53 162
53 164
53 166
53 167
53 169
53 170
53 171
53 172
53 174
53 182
53 183
53 187
53 197
53 199
53 205
53 208
53 209
53 210
53 212
53 214
53 215
53 217
53 223
53 224
53 225
53 229
53 235
53 240
53 243
53 246
53 247
53 250
54 59
54 62
54 63
54 68
54 70
54 72
54 76
54 77
54 78
54 80
54 84
54 88
54 90
54 91
54 94
54 103
54 106
54 107
54 108
54 112
54 117
54 124
54 126
54 142
54 149
54 152
54 154
54 156
54 158
54 159
54 162
54 166
54 175
54 178
54 180
54 196
54 197
54 200
54 202
54 208
54 210
54 213
54 214
54 218
54 221
54 223
54 229
54 231
54 238
54 241
54 245
54 250
55 56
55 65
55 67
55 68
55 74
55 79
55 81
55 85
55 87
55 91
55 94
55 97
55 100
55 105
55 107
55 111
55 114
55 115
55 117
55 118
55 121
55 123
55 133
55 139
55 140
55 142
55 145
55 148
55 153
55 154
55 155
55 157
55 160
55 162
55 163
55 165
55 169
55 171
55 173
55 174
55 185
55 189
55 198
55 200
55 207
55 209
55 216
55 221
55 226
55 228
55 229
55 230
55 233
55 236
55 237
55 238
55 245
55 249
56 62
56 66
56 67
56 85
56 90
56 94
56 95
56 98
56 100
56 102
56 103
56 105
56 106
56 115
56 116
56 117
56 118
56 119
56 125
56 126
56 130
56 131
56 133
56 137
56 138
56 140
56 141
56 145
56 149
56 151
56 152
56 156
56 158
56 162
56 164
56 170
56 173
56 174
56 178
56 179
56 182
56 185
56 186
56 187
56 189
56 191
56 195
56 198
56 199
56 204
56 205
56 210
56 211
56 212
56 213
56 218
56 219
56 224
56 230
56 237
56 241
56 246
56 247
56 249
56 250
57 61
57 65
57 66
57 72
57 73
57 74
57 79
57 80
57 87
57 98
57 103
57 105
57 106
57 108
57 109
57 110
57 114
57 115
57 118
57 123
57 124
57 126
57 128
57 130
57 131
57 137
57 141
57 146
57 147
57 148
57 152
57 153
57 156
57 160
57 166
57 167
57 168
57 169
57 171
57 174
57 175
57 179
57 183
57 184
57 192
57 193
57 205
57 207
57 211
57 212
57 213
57 222
57 223
57 226
57 229
57 233
57 234
57 239
57 240
57 244
57 247
57 249
57 250
58 59
58 64
58 65
58 68
58 69
58 72
58 74
58 82
58 86
58 87
58 88
58 94
58 95
58 97
58 103
58 105
58 107
58 108
58 109
58 112
58 116
58 124
58 129
58 132
58 133
58 136
58 140
58 142
58 146
58 149
58 151
58 152
58 154
58 155
58 157
58 160
58 169
58 171
58 172
58 174
58 177
58 180
58 183
58 184
58 185
58 187
58 194
58 197
58 198
58 209
58 213
58 218
58 219
58 221
58 223
58 229
58 232
58 238
58 241
58 246
58 247
58 249
59 60
59 61
59 63
59 65
59 68
59 74
59 76
59 77
59 81
59 83
59 84
59 85
59 89
59 107
59 108
59 111
59 112
59 114
59 122
59 128
59 130
59 133
59 134
59 137
59 151
59 154
59 161
59 164
59 166
59 168
59 172
59 175
59 184
59 185
59 186
59 189
59 194
59 197
59 201
59 205
59 209
59 213
59 214
59 216
59 220
59 224
59 229
59 233
59 238
59 241
59 243
59 245
59 249
60 61
60 62
60 65
60 66
60 67
60 68
60 70
60 72
60 77
60 83
60 87
60 90
60 94
60 95
60 100
60 104
60 106
60 113
60 115
60 118
60 120
60 122
60 124
60 126
60 127
60 130
60 135
60 136
60 138
60 140
60 146
60 149
60 156
60 165
60 168
60 170
60 173
60 174
60 175
60 178
60 185
60 187
60 189
60 191
60 192
60 196
60 198
60 202
60 206
60 210
60 211
60 216
60 222
60 224
60 227
60 235
60 240
60 242
60 243
61 63
61 64
61 66
61 71
61 72
61 73
61 74
61 75
61 78
61 82
61 87
61 88
61 89
61 93
61 94
61 99
61 102
61 108
61 112
61 113
61 116
61 119
61 121
61 125
61 126
61 130
61 131
61 139
61 153
61 154
61 156
61 158
61 161
61 166
61 176
61 179
61 180
61 183
61 191
61 192
61 194
61 195
61 198
61 205
61 209
61 210
61 211
61 213
61 218
61 223
61 225
61 229
61 238
61 239
61 241
61 244
61 249
61 250
62 71
62 73
62 74
62 75
62 78
62 82
62 85
62 86
62 94
62 95
62 96
62 97
62 98
62 110
62 118
62 123
62 125
62 134
62 137
62 138
62 140
62 141
62 143
62 145
62 155
62 156
62 162
62 163
62 166
62 167
62 171
62 173
62 179
62 182
62 183
62 189
62 190
62 197
62 205
62 206
62 207
62 210
62 211
62 215
62 216
62 223
62 226
62 227
62 228
62 236
62 238
62 239
62 240
62 247
62 249
63 66
63 69
63 70
63 71
63 72
63 74
63 76
63 86
63 88
63 90
63 95
63 97
63 99
63 102
63 107
63 109
63 118
63 119
63 123
63 124
63 127
63 129
63 130
63 134
63 138
63 140
63 141
63 144
63 149
63 150
63 154
63 156
63 161
63 165
63 166
63 167
63 171
63 172
63 173
63 176
63 177
63 178
63 181
63 183
63 187
63 192
63 200
63 214
63 220
63 221
63 227
63 229
63 239
63 244
63 250
64 70
64 73
64 74
64 76
64 81
64 82
64 83
64 85
64 89
64 91
64 93
64 98
64 100
64 101
64 102
64 109
64 111
64 114
64 115
64 120
64 121
64 126
64 129
64 139
64 140
64 143
64 144
64 146
64 147
64 149
64 151
64 154
64 156
64 157
64 160
64 162
64 166
64 168
64 169
64 172
64 174
64 175
64 176
64 183
64 185
64 191
64 196
64 197
64 198
64 200
64 202
64 208
64 211
64 218
64 220
64 223
64 225
64 226
64 228
64 234
64 235
64 236
64 238
64 246
64 247
64 250
65 67
65 73
65 81
65 86
65 87
65 90
65 91
65 93
65 95
65 98
65 102
65 103
65 107
65 108
65 109
65 115
65 121
65 125
65 135
65 137
65 142
65 144
65 149
65 151
65 152
65 154
65 158
65 159
65 162
65 165
65 166
65 168
65 169
65 174
65 177
65 181
65 182
65 184
65 186
65 190
65 197
65 198
65 199
65 200
65 203
65 204
65 211
65 213
65 215
65 220
65 223
65 231
65 232
65 236
65 244
65 247
66 67
66 68
66 69
66 78
66 88
66 95
66 100
66 103
66 106
66 111
66 121
66 124
66 134
66 135
66 136
66 142
66 149
66 151
66 156
66 158
66 159
66 161
66 166
66 169
66 173
66 174
66 179
66 185
66 186
66 188
66 191
66 192
66 194
66 196
66 198
66 200
66 207
66 214
66 217
66 218
66 223
66 225
66 228
66 231
66 233
66 236
66 242
67 69
67 70
67 76
67 77
67 78
67 80
67 83
67 86
67 87
67 88
67 91
67 92
67 94
67 97
67 99
67 100
67 103
67 104
67 107
67 120
67 139
67 141
67 142
67 143
67 146
67 149
67 151
67 155
67 156
67 160
67 161
67 163
67 169
67 173
67 176
67 178
67 179
67 181
67 184
67 189
67 190
67 192
67 193
67 197
67 202
67 205
67 212
67 213
67 214
67 220
67 231
67 234
67 235
67 240
67 241
67 246
68 72
68 78
68 85
68 89
68 90
68 91
68 94
68 95
68 97
68 100
68 103
68 104
68 109
68 120
68 121
68 123
68 129
68 130
68 136
68 142
68 148
68 149
68 150
68 151
68 153
68 161
68 163
68 164
68 166
68 167
68 172
68 174
68 176
68 179
68 180
68 182
68 198
68 205
68 207
68 214
68 217
68 219
68 230
68 240
68 241
68 242
68 245
68 250
69 74
69 76
69 78
69 80
69 83
69 98
69 102
69 104
69 109
69 110
69 114
69 122
69 125
69 127
69 128
69 129
69 132
69 134
69 135
69 146
69 152
69 155
69 156
69 165
69 166
69 169
69 170
69 171
69 175
69 178
69 180
69 197
69 199
69 207
69 208
69 209
69 210
69 213
69 214
69 215
69 218
69 220
69 227
69 234
69 236
69 240
69 243
69 244
69 245
69 247
70 77
70 83
70 84
70 85
70 87
70 91
70 92
70 99
70 100
70 101
70 105
70 109
70 110
70 111
70 113
70 114
70 119
70 120
70 121
70 127
70 134
70 135
70 139
70 149
70 163
70 168
70 172
70 176
70 178
70 182
70 183
70 185
70 189
70 191
70 195
70 197
70 209
70 214
70 217
70 218
70 221
70 224
70 228
70 230
70 231
70 232
70 234
70 237
70 238
70 246
70 249
71 72
71 75
71 85
71 87
71 89
71 95
71 98
71 99
71 102
71 107
71 110
71 111
71 113
71 115
71 116
71 117
71 119
71 120
71 122
71 123
71 124
71 126
71 127
71 128
71 129
71 131
71 132
71 134
71 135
71 137
71 139
71 140
71 142
71 145
71 146
71 159
71 160
71 163
71 165
71 180
71 182
71 184
71 186
71 188
71 190
71 193
71 197
71 199
71 207
71 212
71 218
71 221
71 224
71 230
71 231
71 235
71 239
71 241
71 243
71 244
72 76
72 84
72 88
72 89
72 91
72 92
72 96
72 100
72 101
72 102
72 106
72 110
72 118
72 122
72 131
72 132
72 134
72 137
72 141
72 144
72 145
72 151
72 155
72 158
72 159
72 164
72 165
72 166
72 167
72 168
72 173
72 181
72 184
72 188
72 190
72 194
72 197
72 199
72 203
72 205
72 215
72 222
72 223
72 229
72 233
72 237
72 238
72 239
72 242
72 244
72 247
73 77
73 78
73 84
73 89
73 95
73 104
73 107
73 118
73 119
73 122
73 124
73 131
73 134
73 138
73 141
73 146
73 147
73 150
73 156
73 158
73 161
73 162
73 166
73 169
73 170
73 179
73 181
73 182
73 183
73 184
73 189
73 194
73 198
73 200
73 207
73 211
73 213
73 216
73 222
73 224
73 228
73 229
73 230
73 231
73 236
73 238
73 248
74 76
74 82
74 91
74 96
74 100
74 101
74 110
74 114
74 117
74 119
74 122
74 123
74 130
74 136
74 142
74 149
74 150
74 152
74 155
74 158
74 160
74 161
74 162
74 166
74 169
74 174
74 175
74 176
74 177
74 181
74 185
74 186
74 190
74 194
74 195
74 197
74 198
74 202
74 210
74 212
74 214
74 217
74 220
74 226
74 232
74 233
74 234
74 235
74 236
74 237
74 239
74 245
74 250
75 76
75 77
75 78
75 86
75 91
75 92
75 93
75 107
75 108
75 121
75 123
75 124
75 130
75 133
75 134
75 139
75 140
75 144
75 150
75 155
75 160
75 165
75 167
75 169
75 174
75 175
75 176
75 182
75 196
75 197
75 198
75 202
75 203
75 207
75 214
75 217
75 219
75 220
75 223
75 225
75 227
75 237
75 238
75 241
75 243
75 246
75 248
76 77
76 79
76 81
76 82
76 83
76 85
76 106
76 108
76 110
76 113
76 114
76 116
76 118
76 122
76 137
76 143
76 150
76 154
76 160
76 166
76 169
76 175
76 179
76 185
76 187
76 191
76 192
76 193
76 196
76 197
76 198
76 201
76 202
76 205
76 206
76 208
76 211
76 213
76 219
76 225
76 228
76 235
76 236
76 240
76 242
76 244
76 245
76 247
77 78
77 80
77 83
77 84
77 86
77 87
77 89
77 94
77 99
77 102
77 104
77 105
77 110
77 112
77 115
77 122
77 126
77 129
77 132
77 134
77 135
77 138
77 143
77 145
77 146
77 154
77 160
77 161
77 165
77 166
77 167
77 168
77 170
77 173
77 176
77 177
77 181
77 182
77 191
77 197
77 201
77 204
77 205
77 209
77 210
77 211
77 215
77 216
77 219
77 221
77 222
77 224
77 225
77 226
77 229
77 230
77 234
77 236
77 239
77 240
77 242
77 243
77 247
77 248
78 79
78 80
78 83
78 85
78 89
78 90
78 102
78 108
78 110
78 114
78 117
78 119
78 120
78 122
78 125
78 129
78 133
78 134
78 136
78 138
78 141
78 143
78 146
78 150
78 154
78 155
78 162
78 166
78 169
78 173
78 174
78 178
78 179
78 180
78 188
78 192
78 193
78 197
78 198
78 199
78 210
78 213
78 216
78 217
78 220
78 221
78 233
78 235
78 238
78 245
78 248
79 81
79 84
79 86
79 88
79 97
79 100
79 101
79 106
79 107
79 108
79 109
79 110
79 114
79 117
79 118
79 119
79 121
79 123
79 125
79 126
79 127
79 129
79 132
79 134
79 135
79 137
79 138
79 139
79 145
79 152
79 154
79 155
79 157
79 162
79 166
79 176
79 178
79 181
79 184
79 186
79 187
79 193
79 198
79 201
79 202
79 203
79 204
79 206
79 211
79 214
79 215
79 221
79 222
79 227
79 235
79 240
79 244
79 245
79 246
79 247
79 249
79 250
80 81
80 84
80 88
80 89
80 95
80 96
80 97
80 100
80 101
80 112
80 119
80 124
80 125
80 128
80 135
80 138
80 139
80 141
80 148
80 153
80 156
80 159
80 160
80 163
80 165
80 172
80 173
80 175
80 176
80 181
80 188
80 189
80 191
80 193
80 202
80 203
80 205
80 210
80 221
80 223
80 236
80 240
80 243
80 244
80 246
80 247
81 83
81 84
81 89
81 90
81 91
81 92
81 94
81 99
81 102
81 103
81 110
81 116
81 120
81 122
81 134
81 135
81 138
81 139
81 140
81 144
81 148
81 153
81 156
81 162
81 163
81 165
81 177
81 179
81 186
81 188
81 191
81 192
81 193
81 198
81 201
81 208
81 209
81 211
81 214
81 218
81 221
81 223
81 232
81 233
81 235
81 237
81 238
81 239
81 243
81 246
81 248
81 250
82 83
82 86
82 87
82 91
82 95
82 101
82 103
82 105
82 108
82 111
82 112
82 116
82 120
82 121
82 129
82 137
82 140
82 142
82 143
82 144
82 151
82 154
82 157
82 161
82 171
82 173
82 175
82 178
82 179
82 184
82 188
82 196
82 197
82 199
82 200
82 213
82 223
82 224
82 225
82 228
82 232
82 235
82 238
82 243
82 246
82 249
83 91
83 92
83 96
83 101
83 103
83 106
83 107
83 108
83 116
83 120
83 131
83 132
83 133
83 136
83 138
83 141
83 142
83 144
83 145
83 146
83 154
83 156
83 157
83 161
83 165
83 168
83 170
83 175
83 179
83 182
83 187
83 188
83 189
83 192
83 193
83 207
83 210
83 216
83 219
83 222
83 223
83 225
83 226
83 227
83 240
83 243
83 246
83 247
83 250
84 92
84 94
84 99
84 102
84 115
84 122
84 124
84 128
84 129
84 131
84 142
84 146
84 148
84 149
84 150
84 154
84 156
84 163
84 164
84 168
84 172
84 173
84 179
84 184
84 185
84 186
84 188
84 189
84 193
84 195
84 196
84 205
84 210
84 212
84 215
84 221
84 222
84 224
84 225
84 229
84 234
84 238
84 240
84 244
84 245
84 248
85 87
85 88
85 95
85 97
85 98
85 102
85 106
85 110
85 113
85 114
85 116
85 117
85 118
85 120
85 122
85 127
85 131
85 132
85 133
85 134
85 135
85 136
85 137
85 138
85 140
85 146
85 149
85 151
85 153
85 154
85 155
85 157
85 162
85 165
85 167
85 176
85 178
85 186
85 189
85 192
85 193
85 197
85 198
85 206
85 207
85 209
85 210
85 211
85 212
85 214
85 215
85 218
85 231
85 237
85 238
85 239
85 245
85 248
86 87
86 88
86 94
86 95
86 96
86 104
86 105
86 108
86 109
86 110
86 111
86 113
86 114
86 117
86 121
86 124
86 125
86 126
86 129
86 134
86 142
86 144
86 145
86 146
86 147
86 153
86 155
86 158
86 159
86 160
86 162
86 167
86 172
86 175
86 176
86 178
86 184
86 185
86 186
86 187
86 189
86 193
86 197
86 201
86 207
86 208
86 215
86 218
86 221
86 222
86 224
86 228
86 229
86 232
86 233
86 237
87 93
87 94
87 111
87 115
87 116
87 117
87 127
87 128
87 129
87 131
87 133
87 135
87 137
87 139
87 141
87 145
87 147
87 161
87 163
87 166
87 171
87 174
87 177
87 197
87 198
87 199
87 200
87 202
87 206
87 208
87 209
87 223
87 226
87 227
87 233
87 234
87 241
87 242
87 246
87 249
88 92
88 97
88 98
88 99
88 101
88 103
88 104
88 108
88 113
88 122
88 123
88 124
88 128
88 129
88 130
88 131
88 132
88 137
88 138
88 140
88 144
88 147
88 148
88 149
88 153
88 154
88 156
88 157
88 158
88 164
88 165
88 166
88 168
88 171
88 174
88 175
88 176
88 179
88 184
88 187
88 198
88 207
88 208
88 210
88 212
88 216
88 217
88 218
88 226
88 227
88 229
88 235
88 236
88 250
89 96
89 106
89 108
89 115
89 118
89 120
89 121
89 124
89 126
89 132
89 133
89 134
89 136
89 139
89 140
89 145
89 148
89 150
89 151
89 153
89 155
89 161
89 162
89 164
89 165
89 167
89 168
89 170
89 174
89 176
89 177
89 178
89 179
89 183
89 193
89 194
89 201
89 206
89 216
89 219
89 222
89 226
89 227
89 230
89 235
89 238
89 239
89 240
89 242
89 244
89 246
90 97
90 104
90 111
90 114
90 115
90 120
90 123
90 126
90 127
90 133
90 141
90 142
90 144
90 145
90 147
90 148
90 150
90 151
90 159
90 163
90 164
90 165
90 166
90 167
90 168
90 171
90 174
90 180
90 189
90 197
90 210
90 211
90 212
90 213
90 214
90 218
90 220
90 223
90 227
90 228
90 231
90 233
90 236
90 241
90 243
90 248
90 249
90 250
91 92
91 93
91 95
91 101
91 104
91 105
91 107
91 110
91 114
91 115
91 125
91 128
91 130
91 136
91 137
91 140
91 142
91 143
91 147
91 148
91 152
91 154
91 156
91 158
91 160
91 162
91 168
91 171
91 178
91 179
91 180
91 181
91 186
91 189
91 192
91 196
91 202
91 205
91 206
91 212
91 216
91 218
91 219
91 220
91 223
91 226
91 227
91 235
91 236
91 240
91 244
91 245
91 246
91 249
92 101
92 102
92 103
92 106
92 112
92 113
92 115
92 118
92 120
92 121
92 122
92 124
92 126
92 132
92 133
92 134
92 140
92 144
92 145
92 146
92 147
92 150
92 154
92 158
92 160
92 164
92 166
92 169
92 171
92 177
92 180
92 182
92 183
92 184
92 187
92 188
92 195
92 197
92 198
92 199
92 200
92 201
92 207
92 208
92 215
92 220
92 221
92 222
92 223
92 225
92 227
92 228
92 230
92 234
92 240
92 244
92 246
93 95
93 103
93 104
93 107
93 111
93 113
93 115
93 116
93 117
93 122
93 124
93 127
93 128
93 129
93 139
93 141
93 144
93 147
93 151
93 155
93 156
93 163
93 168
93 172
93 173
93 174
93 177
93 183
93 189
93 190
93 191
93 194
93 196
93 198
93 201
93 204
93 207
93 227
93 228
93 238
93 240
93 243
93 245
93 246
93 247
93 248
94 97
94 98
94 103
94 104
94 106
94 109
94 111
94 112
94 115
94 118
94 119
94 121
94 126
94 127
94 128
94 129
94 131
94 132
94 133
94 135
94 141
94 148
94 152
94 153
94 156
94 157
94 159
94 161
94 164
94 168
94 187
94 189
94 197
94 199
94 202
94 208
94 213
94 220
94 221
94 222
94 223
94 226
94 228
94 231
94 233
94 240
94 242
94 243
94 247
94 248
95 96
95 97
95 101
95 105
95 106
95 111
95 114
95 119
95 121
95 123
95 125
95 129
95 132
95 134
95 135
95 145
95 152
95 153
95 157
95 160
95 162
95 163
95 166
95 172
95 176
95 178
95 179
95 180
95 185
95 186
95 190
95 191
95 192
95 193
95 194
95 196
95 197
95 198
95 202
95 205
95 206
95 208
95 213
95 225
95 227
95 228
95 234
95 235
95 236
95 240
95 247
95 249
96 100
96 101
96 102
96 103
96 119
96 120
96 123
96 124
96 132
96 135
96 142
96 146
96 148
96 151
96 155
96 156
96 158
96 160
96 162
96 171
96 173
96 174
96 175
96 177
96 180
96 187
96 188
96 189
96 194
96 195
96 199
96 201
96 202
96 203
96 211
96 218
96 223
96 224
96 229
96 231
96 232
96 233
96 239
96 243
96 246
96 248
97 99
97 101
97 105
97 113
97 117
97 118
97 119
97 123
97 125
97 134
97 139
97 140
97 143
97 147
97 148
97 157
97 159
97 160
97 161
97 162
97 163
97 167
97 172
97 178
97 179
97 180
97 182
97 183
97 186
97 190
97 191
97 198
97 202
97 203
97 208
97 212
97 215
97 216
97 218
97 219
97 231
97 234
97 240
97 241
97 243
97 244
97 249
98 103
98 108
98 111
98 121
98 132
98 135
98 137
98 144
98 148
98 150
98 154
98 157
98 161
98 164
98 167
98 169
98 170
98 180
98 182
98 188
98 199
98 205
98 210
98 213
98 216
98 219
98 220
98 221
98 229
98 235
98 242
98 243
98 247
98 250
99 102
99 105
99 109
99 112
99 113
99 116
99 124
99 125
99 127
99 133
99 137
99 140
99 141
99 142
99 144
99 145
99 151
99 152
99 153
99 156
99 157
99 159
99 162
99 164
99 166
99 167
99 170
99 173
99 174
99 185
99 193
99 194
99 195
99 197
99 199
99 202
99 205
99 206
99 210
99 211
99 213
99 215
99 228
99 230
99 233
99 236
99 239
99 243
99 244
100 102
100 107
100 110
100 118
100 127
100 129
100 133
100 134
100 135
100 137
100 140
100 148
100 151
100 152
100 154
100 156
100 159
100 163
100 164
100 166
100 167
100 169
100 171
100 173
100 175
100 177
100 179
100 183
100 188
100 189
100 195
100 197
100 200
100 203
100 213
100 216
100 221
100 224
100 225
100 226
100 232
100 236
100 241
100 248
100 249
101 102
101 103
101 106
101 107
101 109
101 113
101 115
101 117
101 119
101 121
101 123
101 124
101 131
101 138
101 141
101 142
101 143
101 144
101 146
101 149
101 150
101 151
101 152
101 158
101 166
101 172
101 176
101 177
101 179
101 183
101 184
101 187
101 191
101 195
101 200
101 201
101 203
101 206
101 218
101 221
101 224
101 228
101 229
101 234
101 235
101 237
101 246
101 247
102 108
102 111
102 113
102 115
102 118
102 124
102 128
102 133
102 134
102 145
102 146
102 148
102 150
102 154
102 155
102 156
102 162
102 163
102 164
102 171
102 172
102 174
102 176
102 177
102 178
102 180
102 181
102 186
102 192
102 193
102 200
102 201
102 202
102 206
102 207
102 208
102 212
102 213
102 214
102 215
102 216
102 217
102 218
102 220
102 222
102 226
102 227
102 235
102 247
102 248
102 250
103 111
103 132
103 133
103 137
103 140
103 151
103 153
103 154
103 159
103 169
103 176
103 178
103 179
103 185
103 187
103 191
103 192
103 193
103 199
103 200
103 202
103 205
103 206
103 212
103 214
103 218
103 219
103 221
103 223
103 224
103 226
103 227
103 230
103 234
103 236
103 237
103 238
103 241
103 248
104 108
104 109
104 111
104 114
104 116
104 124
104 125
104 127
104 131
104 139
104 142
104 143
104 144
104 145
104 154
104 156
104 165
104 167
104 168
104 170
104 175
104 180
104 182
104 188
104 189
104 190
104 204
104 206
104 207
104 209
104 213
104 214
104 220
104 222
104 224
104 227
104 235
104 236
104 237
104 239
104 240
104 241
104 243
104 245
105 111
105 114
105 119
105 121
105 123
105 125
105 128
105 137
105 139
105 140
105 142
105 146
105 147
105 149
105 159
105 161
105 162
105 165
105 174
105 177
105 185
105 187
105 189
105 192
105 193
105 194
105 196
105 197
105 198
105 199
105 203
105 205
105 208
105 217
105 218
105 220
105 221
105 223
105 226
105 227
105 231
105 233
105 234
105 238
105 240
105 247
106 111
106 115
106 116
106 126
106 128
106 131
106 137
106 144
106 145
106 150
106 152
106 156
106 159
106 161
106 163
106 164
106 167
106 173
106 175
106 177
106 180
106 186
106 194
106 195
106 198
106 199
106 201
106 202
106 203
106 209
106 212
106 214
106 215
106 216
106 218
106 219
106 222
106 223
106 227
106 233
106 237
106 238
106 242
106 246
106 250
107 109
107 110
107 112
107 117
107 119
107 125
107 127
107 134
107 135
107 136
107 145
107 151
107 153
107 155
107 157
107 159
107 162
107 167
107 168
107 172
107 173
107 177
107 193
107 194
107 200
107 202
107 203
107 210
107 214
107 215
107 216
107 218
107 221
107 241
107 243
107 244
107 246
107 247
107 248
107 249
107 250
108 110
108 111
108 118
108 123
108 125
108 134
108 140
108 144
108 145
108 147
108 152
108 155
108 165
108 166
108 172
108 173
108 175
108 176
108 178
108 180
108 186
108 187
108 193
108 194
108 200
108 202
108 211
108 212
108 215
108 217
108 219
108 221
108 223
108 224
108 225
108 226
108 227
108 229
108 231
108 235
108 242
108 244
108 249
109 114
109 117
109 120
109 125
109 126
109 130
109 131
109 133
109 134
109 136
109 140
109 143
109 148
109 153
109 159
109 170
109 173
109 178
109 181
109 182
109 183
109 186
109 190
109 195
109 196
109 199
109 203
109 205
109 210
109 216
109 219
109 221
109 224
109 226
109 235
109 238
109 240
109 246
110 111
110 114
110 116
110 118
110 119
110 124
110 125
110 126
110 128
110 133
110 145
110 146
110 148
110 152
110 162
110 164
110 165
110 175
110 178
110 182
110 190
110 193
110 195
110 197
110 198
110 211
110 213
110 214
110 216
110 217
110 221
110 231
110 235
110 238
110 240
110 245
110 246
110 248
111 114
111 118
111 119
111 123
111 128
111 131
111 132
111 134
111 136
111 139
111 141
111 142
111 145
111 147
111 151
111 152
111 153
111 154
111 157
111 161
111 163
111 169
111 174
111 175
111 177
111 181
111 186
111 187
111 188
111 194
111 196
111 197
111 198
111 201
111 202
111 203
111 205
111 215
111 217
111 218
111 220
111 221
111 222
111 224
111 226
111 230
111 233
111 248
111 250
112 113
112 116
112 117
112 118
112 119
112 120
112 122
112 125
112 132
112 133
112 141
112 143
112 144
112 147
112 153
112 154
112 160
112 164
112 165
112 166
112 169
112 171
112 182
112 183
112 187
112 194
112 195
112 199
112 203
112 205
112 210
112 214
112 220
112 226
112 227
112 230
112 232
112 244
112 246
112 249
113 115
113 117
113 119
113 121
113 124
113 127
113 132
113 136
113 139
113 140
113 141
113 143
113 149
113 157
113 160
113 168
113 172
113 173
113 174
113 181
113 183
113 185
113 186
113 187
113 189
113 192
113 198
113 205
113 206
113 207
113 216
113 218
113 220
113 230
113 233
113 236
113 238
113 240
113 241
113 242
113 243
113 244
113 246
113 249
113 250
114 124
114 126
114 128
114 130
114 137
114 138
114 139
114 144
114 148
114 152
114 154
114 156
114 169
114 170
114 176
114 177
114 178
114 179
114 180
114 185
114 190
114 196
114 197
114 205
114 212
114 218
114 219
114 220
114 221
114 223
114 224
114 225
114 229
114 233
114 235
114 240
114 242
114 245
114 249
115 126
115 129
115 134
115 137
115 142
115 146
115 147
115 148
115 149
115 156
115 157
115 167
115 176
115 180
115 184
115 187
115 188
115 192
115 197
115 199
115 204
115 205
115 206
115 209
115 210
115 213
115 216
115 217
115 222
115 224
115 230
115 231
115 232
115 239
115 243
116 118
116 126
116 130
116 137
116 140
116 142
116 145
116 148
116 152
116 155
116 156
116 161
116 163
116 165
116 171
116 174
116 177
116 182
116 187
116 190
116 193
116 196
116 197
116 204
116 206
116 211
116 215
116 217
116 220
116 223
116 226
116 227
116 230
116 239
116 243
117 124
117 130
117 132
117 135
117 138
117 143
117 144
117 146
117 147
117 153
117 164
117 167
117 170
117 171
117 174
117 177
117 182
117 189
117 193
117 199
117 200
117 202
117 207
117 208
117 215
117 217
117 218
117 221
117 222
117 223
117 233
117 236
117 241
117 249
118 124
118 128
118 130
118 132
118 133
118 134
118 140
118 144
118 146
118 149
118 152
118 154
118 162
118 170
118 172
118 176
118 177
118 185
118 190
118 204
118 206
118 208
118 211
118 212
118 213
118 222
118 227
118 228
118 231
118 233
118 236
118 244
118 246
118 250
119 120
119 124
119 127
119 129
119 130
119 132
119 134
119 138
119 145
119 151
119 153
119 156
119 160
119 161
119 165
119 167
119 168
119 171
119 172
119 173
119 180
119 187
119 188
119 191
119 192
119 193
119 196
119 200
119 201
119 202
119 205
119 211
119 215
119 217
119 220
119 221
119 223
119 224
119 226
119 229
119 241
119 244
119 246
119 248
119 249
120 124
120 125
120 129
120 130
120 134
120 135
120 140
120 145
120 153
120 155
120 156
120 164
120 167
120 168
120 171
120 172
120 177
120 183
120 184
120 186
120 187
120 190
120 194
120 198
120 202
120 204
120 209
120 220
120 221
120 222
120 223
120 226
120 228
120 231
120 237
120 240
120 243
120 244
120 245
120 248
121 124
121 126
121 133
121 143
121 144
121 147
121 151
121 154
121 158
121 162
121 165
121 168
121 169
121 172
121 182
121 186
121 194
121 199
121 201
121 202
121 203
121 212
121 214
121 217
121 220
121 225
121 240
121 247
121 249
122 134
122 136
122 137
122 138
122 142
122 147
122 148
122 151
122 152
122 154
122 156
122 164
122 170
122 173
122 179
122 182
122 183
122 187
122 195
122 196
122 201
122 202
122 207
122 209
122 210
122 212
122 215
122 220
122 221
122 232
122 240
122 243
122 247
123 125
123 127
123 130
123 135
123 137
123 140
123 143
123 146
123 150
123 153
123 159
123 162
123 163
123 165
123 171
123 173
123 177
123 178
123 181
123 183
123 185
123 194
123 201
123 202
123 204
123 206
123 212
123 216
123 217
123 218
123 222
123 226
123 227
123 228
123 229
123 232
123 234
123 236
123 237
123 240
123 245
124 128
124 132
124 135
124 136
124 140
124 141
124 143
124 145
124 151
124 159
124 162
124 170
124 171
124 175
124 176
124 180
124 184
124 185
124 186
124 188
124 194
124 200
124 214
124 217
124 219
124 223
124 229
124 230
124 231
124 232
124 234
124 236
124 238
124 243
124 244
124 247
125 126
125 128
125 130
125 131
125 132
125 147
125 148
125 149
125 162
125 166
125 167
125 171
125 172
125 175
125 177
125 178
125 187
125 192
125 196
125 197
125 203
125 214
125 216
125 221
125 223
125 229
125 231
125 235
125 240
125 244
125 247
125 248
125 249
125 250
126 128
126 130
126 132
126 135
126 136
126 137
126 141
126 148
126 149
126 155
126 158
126 159
126 161
126 165
126 167
126 171
126 178
126 180
126 182
126 184
126 187
126 188
126 193
126 201
126 205
126 207
126 210
126 211
126 215
126 216
126 218
126 225
126 228
126 233
126 236
126 237
126 244
126 246
126 248
126 250
127 128
127 129
127 130
127 137
127 139
127 140
127 156
127 157
127 160
127 166
127 169
127 174
127 176
127 178
127 179
127 180
127 190
127 191
127 192
127 197
127 202
127 207
127 208
127 209
127 212
127 214
127 217
127 219
127 222
127 225
127 228
127 229
127 231
127 232
127 238
127 240
127 249
128 129
128 131
128 132
128 133
128 138
128 141
128 143
128 147
128 150
128 155
128 157
128 167
128 168
128 169
128 174
128 178
128 179
128 181
128 188
128 192
128 194
128 195
128 198
128 199
128 204
128 208
128 209
128 211
128 214
128 215
128 217
128 221
128 223
128 224
128 226
128 227
128 228
128 237
128 238
128 240
128 247
129 139
129 140
129 146
129 148
129 149
129 150
129 151
129 153
129 156
129 157
129 160
129 165
129 168
129 169
129 170
129 176
129 179
129 180
129 187
129 188
129 191
129 199
129 202
129 204
129 205
129 214
129 216
129 225
129 230
129 231
129 237
129 238
129 242
129 244
129 245
129 248
129 249
130 143
130 148
130 151
130 153
130 154
130 158
130 161
130 165
130 169
130 177
130 182
130 185
130 186
130 187
130 189
130 191
130 192
130 193
130 194
130 195
130 197
130 198
130 201
130 205
130 207
130 208
130 210
130 219
130 223
130 229
130 246
130 249
130 250
131 132
131 134
131 141
131 147
131 153
131 154
131 160
131 161
131 166
131 169
131 177
131 181
131 185
131 186
131 188
131 189
131 190
131 193
131 194
131 198
131 199
131 202
131 203
131 205
131 211
131 217
131 219
131 220
131 221
131 222
131 224
131 225
131 226
131 227
131 228
131 231
131 240
131 244
131 246
132 138
132 139
132 141
132 145
132 160
132 163
132 168
132 169
132 173
132 174
132 175
132 186
132 187
132 190
132 191
132 192
132 193
132 196
132 198
132 202
132 204
132 214
132 220
132 226
132 232
132 235
132 241
132 243
132 244
132 249
133 135
133 138
133 141
133 143
133 150
133 152
133 153
133 156
133 158
133 159
133 163
133 169
133 171
133 174
133 178
133 183
133 185
133 190
133 193
133 195
133 199
133 204
133 212
133 218
133 219
133 221
133 224
133 226
133 234
133 235
133 239
133 240
133 242
133 244
134 135
134 145
134 149
134 152
134 160
134 163
134 164
134 168
134 169
134 171
134 177
134 179
134 182
134 183
134 184
134 185
134 189
134 193
134 199
134 205
134 210
134 218
134 222
134 231
134 235
134 246
134 250
135 137
135 138
135 141
135 149
135 151
135 159
135 164
135 166
135 171
135 174
135 176
135 181
135 186
135 194
135 197
135 200
135 201
135 204
135 206
135 210
135 215
135 218
135 219
135 225
135 238
135 240
135 242
135 243
135 244
135 245
136 137
136 150
136 153
136 158
136 164
136 169
136 170
136 173
136 174
136 177
136 178
136 185
136 189
136 192
136 197
136 210
136 215
136 219
136 221
136 224
136 228
136 230
136 232
136 233
136 236
136 240
136 241
136 244
136 245
136 246
136 247
137 139
137 141
137 155
137 166
137 168
137 169
137 171
137 172
137 173
137 174
137 175
137 177
137 178
137 183
137 184
137 185
137 191
137 192
137 193
137 198
137 200
137 204
137 205
137 206
137 208
137 212
137 214
137 215
137 216
137 220
137 222
137 230
137 231
137 234
137 236
137 243
137 245
137 250
138 142
138 144
138 146
138 150
138 151
138 153
138 157
138 159
138 162
138 167
138 168
138 171
138 172
138 174
138 180
138 184
138 188
138 189
138 192
138 198
138 201
138 212
138 219
138 223
138 229
138 234
138 238
138 240
138 241
138 244
138 245
138 248
139 140
139 145
139 155
139 156
139 157
139 159
139 164
139 169
139 175
139 180
139 181
139 182
139 185
139 191
139 196
139 198
139 201
139 204
139 205
139 209
139 210
139 216
139 219
139 222
139 226
139 229
139 239
139 240
139 241
140 147
140 148
140 149
140 152
140 155
140 156
140 163
140 166
140 168
140 173
140 177
140 178
140 179
140 181
140 182
140 185
140 187
140 194
140 196
140 198
140 205
140 206
140 210
140 219
140 223
140 229
140 233
140 234
140 239
140 241
140 242
140 243
140 246
140 248
140 249
141 142
141 146
141 147
141 152
141 154
141 158
141 162
141 165
141 170
141 173
141 175
141 177
141 182
141 184
141 190
141 195
141 196
141 202
141 203
141 205
141 211
141 213
141 217
141 219
141 220
141 225
141 228
141 229
141 232
141 238
141 240
141 243
141 247
141 248
142 144
142 145
142 146
142 152
142 154
142 156
142 161
142 162
142 165
142 166
142 173
142 178
142 181
142 182
142 187
142 193
142 196
142 200
142 201
142 206
142 207
142 208
142 210
142 211
142 212
142 214
142 215
142 218
142 224
142 226
142 228
142 229
142 230
142 231
142 232
142 235
142 236
142 239
142 242
143 148
143 149
143 151
143 158
143 159
143 161
143 163
143 167
143 168
143 172
143 173
143 175
143 176
143 178
143 179
143 181
143 186
143 187
143 192
143 193
143 196
143 199
143 208
143 209
143 210
143 217
143 220
143 222
143 230
143 235
143 237
143 238
143 240
144 145
144 146
144 162
144 163
144 165
144 166
144 168
144 171
144 174
144 182
144 183
144 184
144 188
144 199
144 205
144 207
144 213
144 214
144 217
144 219
144 223
144 227
144 228
144 233
144 234
144 236
144 241
144 247
144 248
144 250
145 146
145 148
145 154
145 155
145 157
145 164
145 169
145 172
145 179
145 183
145 186
145 193
145 197
145 198
145 199
145 202
145 204
145 205
145 212
145 219
145 220
145 226
145 228
145 230
145 232
145 233
145 237
145 240
145 241
145 244
145 250
146 151
146 155
146 158
146 159
146 161
146 164
146 165
146 171
146 174
146 177
146 178
146 179
146 180
146 187
146 188
146 193
146 195
146 196
146 197
146 199
146 204
146 207
146 208
146 209
146 211
146 213
146 217
146 218
146 221
146 235
146 236
146 238
146 242
146 243
146 245
146 247
147 148
147 153
147 156
147 158
147 159
147 166
147 168
147 170
147 171
147 172
147 181
147 183
147 190
147 192
147 193
147 195
147 198
147 199
147 200
147 203
147 210
147 211
147 220
147 237
147 239
147 240
147 242
147 243
147 244
147 245
148 149
148 157
148 164
148 172
148 180
148 183
148 185
148 187
148 188
148 189
148 191
148 194
148 198
148 205
148 233
148 235
148 236
148 239
148 241
148 243
148 245
148 249
149 150
149 153
149 154
149 163
149 166
149 169
149 171
149 175
149 176
149 177
149 178
149 185
149 187
149 188
149 195
149 196
149 198
149 202
149 204
149 205
149 211
149 216
149 217
149 218
149 224
149 226
149 228
149 229
149 230
149 231
149 232
149 238
149 240
149 241
149 242
149 246
149 249
149 250
150 151
150 152
150 153
150 154
150 165
150 175
150 178
150 179
150 180
150 184
150 190
150 201
150 210
150 211
150 213
150 218
150 223
150 235
150 237
150 238
150 243
150 247
150 248
150 249
150 250
151 154
151 155
151 156
151 158
151 159
151 164
151 165
151 166
151 168
151 169
151 178
151 182
151 185
151 186
151 190
151 200
151 206
151 207
151 208
151 222
151 224
151 229
151 230
151 233
151 236
151 239
151 240
151 244
151 247
152 154
152 156
152 159
152 160
152 166
152 167
152 170
152 174
152 175
152 176
152 179
152 182
152 185
152 188
152 190
152 191
152 192
152 198
152 200
152 202
152 203
152 221
152 224
152 228
152 229
152 233
152 236
152 238
152 241
152 242
152 245
152 246
152 247
153 154
153 155
153 160
153 164
153 169
153 170
153 181
153 182
153 183
153 192
153 194
153 195
153 198
153 200
153 202
153 205
153 209
153 210
153 236
153 242
153 244
154 156
154 158
154 161
154 163
154 164
154 167
154 168
154 172
154 176
154 177
154 178
154 182
154 185
154 186
154 192
154 196
154 200
154 203
154 207
154 208
154 209
154 211
154 214
154 217
154 222
154 225
154 227
154 229
154 240
154 244
154 246
154 248
155 156
155 158
155 159
155 160
155 162
155 167
155 170
155 176
155 177
155 182
155 183
155 184
155 185
155 188
155 193
155 197
155 199
155 200
155 202
155 204
155 210
155 214
155 218
155 221
155 231
155 236
155 243
155 246
156 157
156 158
156 160
156 161
156 162
156 173
156 181
156 182
156 184
156 189
156 190
156 195
156 200
156 203
156 204
156 217
156 218
156 219
156 222
156 225
156 232
156 238
156 241
156 242
156 245
156 247
156 248
157 159
157 161
157 169
157 172
157 180
157 183
157 185
157 186
157 190
157 191
157 194
157 204
157 209
157 218
157 219
157 223
157 226
157 227
157 229
157 230
157 233
157 236
157 240
157 242
157 248
158 163
158 167
158 168
158 169
158 170
158 172
158 173
158 174
158 176
158 190
158 191
158 192
158 195
158 202
158 204
158 205
158 207
158 208
158 214
158 216
158 217
158 221
158 223
158 224
158 226
158 227
158 228
158 232
158 235
158 237
158 241
158 242
158 243
158 245
158 246
158 247
159 162
159 163
159 164
159 165
159 170
159 171
159 172
159 176
159 180
159 183
159 184
159 190
159 192
159 202
159 204
159 207
159 211
159 212
159 216
159 220
159 224
159 225
159 226
159 227
159 231
159 234
159 235
159 240
159 241
159 246
160 163
160 165
160 166
160 168
160 172
160 173
160 175
160 178
160 183
160 188
160 190
160 193
160 198
160 200
160 204
160 205
160 206
160 208
160 210
160 213
160 214
160 215
160 216
160 217
160 218
160 219
160 224
160 227
160 228
160 232
160 233
160 235
160 239
160 240
160 245
160 249
161 162
161 163
161 165
161 167
161 170
161 171
161 175
161 176
161 178
161 179
161 183
161 196
161 198
161 200
161 205
161 208
161 209
161 218
161 221
161 222
161 242
161 243
161 246
161 248
162 165
162 167
162 168
162 179
162 186
162 190
162 191
162 193
162 197
162 201
162 202
162 205
162 211
162 215
162 217
162 218
162 221
162 225
162 231
162 234
162 237
162 238
162 239
162 241
162 243
162 248
162 249
163 166
163 167
163 168
163 173
163 174
163 180
163 182
163 183
163 188
163 190
163 191
163 192
163 198
163 199
163 203
163 204
163 206
163 208
163 211
163 216
163 220
163 221
163 222
163 224
163 225
163 227
163 236
163 242
163 244
163 247
163 248
164 165
164 168
164 172
164 174
164 175
164 176
164 178
164 183
164 187
164 192
164 194
164 203
164 204
164 207
164 210
164 213
164 215
164 216
164 217
164 219
164 223
164 228
164 229
164 233
164 239
164 246
164 248
165 166
165 169
165 171
165 172
165 173
165 178
165 181
165 185
165 192
165 198
165 201
165 202
165 203
165 205
165 209
165 210
165 213
165 216
165 222
165 224
165 225
165 228
165 231
165 234
165 242
165 243
166 167
166 169
166 183
166 187
166 192
166 193
166 197
166 201
166 202
166 203
166 204
166 206
166 207
166 212
166 217
166 218
166 220
166 223
166 231
166 233
166 237
166 238
166 239
166 242
166 246
166 250
167 173
167 175
167 176
167 178
167 180
167 184
167 185
167 187
167 190
167 192
167 193
167 194
167 198
167 206
167 207
167 208
167 211
167 222
167 228
167 234
167 237
167 238
167 240
167 242
167 243
168 173
168 176
168 179
168 183
168 184
168 185
168 188
168 189
168 190
168 192
168 193
168 195
168 198
168 203
168 205
168 206
168 212
168 217
168 224
168 225
168 228
168 229
168 230
168 238
168 239
168 241
168 245
168 246
168 247
168 249
168 250
169 170
169 171
169 173
169 176
169 178
169 180
169 184
169 188
169 190
169 191
169 192
169 193
169 200
169 202
169 204
169 211
169 212
169 218
169 220
169 229
169 232
169 233
169 236
169 237
169 249
170 174
170 177
170 178
170 180
170 183
170 184
170 187
170 195
170 196
170 198
170 201
170 209
170 216
170 219
170 225
170 229
170 230
170 232
170 233
170 234
170 237
170 240
170 242
170 245
170 247
170 249
170 250
171 172
171 174
171 185
171 195
171 198
171 212
171 215
171 219
171 220
171 221
171 229
171 241
171 245
171 246
172 175
172 186
172 188
172 189
172 194
172 195
172 196
172 199
172 200
172 201
172 203
172 208
172 209
172 211
172 213
172 215
172 220
172 223
172 227
172 229
172 230
172 231
172 234
172 236
172 239
172 244
172 245
172 249
173 179
173 185
173 188
173 191
173 192
173 193
173 198
173 203
173 207
173 209
173 210
173 212
173 213
173 214
173 222
173 227
173 229
173 231
173 232
173 234
173 236
173 237
173 240
173 241
173 246
173 249
174 176
174 177
174 183
174 185
174 193
174 197
174 198
174 199
174 200
174 203
174 206
174 208
174 213
174 216
174 217
174 227
174 231
174 234
174 237
174 238
174 239
174 240
174 241
174 245
174 247
174 250
175 176
175 187
175 190
175 193
175 194
175 195
175 198
175 207
175 208
175 211
175 212
175 214
175 219
175 221
175 224
175 226
175 229
175 230
175 233
175 238
175 239
175 245
175 246
176 178
176 179
176 189
176 191
176 194
176 202
176 205
176 208
176 210
176 214
176 218
176 219
176 220
176 229
176 234
176 235
176 237
176 241
176 243
176 249
176 250
177 181
177 188
177 189
177 196
177 197
177 199
177 203
177 208
177 212
177 213
177 216
177 217
177 220
177 221
177 222
177 225
177 235
177 241
177 242
178 179
178 180
178 185
178 187
178 188
178 193
178 204
178 208
178 211
178 212
178 215
178 216
178 225
178 226
178 232
178 236
178 244
178 246
178 247
178 248
178 249
179 181
179 183
179 186
179 197
179 202
179 203
179 205
179 206
179 208
179 212
179 213
179 214
179 219
179 223
179 224
179 227
179 231
179 233
179 234
179 238
179 239
179 243
180 184
180 186
180 190
180 193
180 195
180 196
180 209
180 212
180 218
180 226
180 233
180 238
180 241
180 243
180 245
180 248
180 249
181 188
181 193
181 194
181 195
181 202
181 211
181 215
181 217
181 219
181 223
181 230
181 232
181 233
181 237
181 238
181 241
181 244
181 245
181 246
181 249
181 250
182 196
182 200
182 202
182 206
182 208
182 210
182 212
182 215
182 217
182 219
182 222
182 223
182 226
182 227
182 231
182 232
182 234
182 235
182 237
182 241
182 245
182 248
183 186
183 187
183 194
183 198
183 199
183 205
183 209
183 211
183 212
183 213
183 216
183 217
183 219
183 224
183 225
183 226
183 235
183 236
183 239
183 240
183 244
183 248
184 185
184 193
184 196
184 201
184 202
184 206
184 208
184 212
184 215
184 216
184 219
184 220
184 226
184 228
184 230
184 233
184 235
184 236
184 237
184 241
184 250
185 189
185 190
185 191
185 193
185 196
185 204
185 209
185 210
185 215
185 218
185 229
185 230
185 232
185 236
185 238
185 242
185 249
186 198
186 205
186 206
186 210
186 213
186 215
186 221
186 223
186 229
186 230
186 233
186 237
186 239
186 246
186 248
187 195
187 196
187 197
187 199
187 203
187 207
187 208
187 209
187 211
187 212
187 216
187 222
187 230
187 232
187 234
187 236
187 237
187 240
188 195
188 202
188 204
188 206
188 209
188 214
188 216
188 218
188 219
188 229
188 235
188 236
188 240
188 242
189 190
189 194
189 198
189 199
189 200
189 207
189 208
189 209
189 210
189 211
189 213
189 217
189 221
189 222
189 225
189 228
189 231
189 232
189 247
189 248
189 250
190 194
190 199
190 200
190 206
190 208
190 212
190 215
190 216
190 217
190 218
190 220
190 221
190 224
190 229
190 230
190 232
190 234
190 235
190 236
190 237
190 240
190 247
190 248
191 192
191 193
191 198
191 200
191 202
191 207
191 208
191 221
191 222
191 229
191 230
191 232
191 234
191 235
191 241
191 244
191 247
192 197
192 198
192 199
192 204
192 205
192 208
192 222
192 223
192 230
192 231
192 233
192 236
192 238
192 240
192 241
192 248
192 250
193 197
193 202
193 203
193 207
193 213
193 214
193 220
193 221
193 227
193 230
193 234
193 235
193 237
193 241
193 250
194 196
194 198
194 201
194 203
194 206
194 207
194 208
194 209
194 211
194 214
194 219
194 221
194 227
194 231
194 234
194 242
194 245
195 196
195 197
195 200
195 201
195 202
195 206
195 207
195 209
195 210
195 211
195 212
195 220
195 221
195 223
195 225
195 230
195 234
195 235
195 238
195 243
195 244
195 246
196 199
196 200
196 206
196 207
196 211
196 217
196 218
196 223
196 225
196 234
196 235
196 238
196 240
196 243
196 244
196 246
196 247
197 199
197 202
197 205
197 207
197 213
197 216
197 217
197 219
197 220
197 221
197 225
197 228
197 234
197 238
197 239
197 245
197 247
197 248
198 200
198 201
198 202
198 204
198 206
198 207
198 212
198 214
198 215
198 216
198 218
198 225
198 227
198 230
198 234
198 235
198 243
198 245
198 247
199 207
199 210
199 212
199 216
199 219
199 223
199 226
199 228
199 235
199 238
199 245
199 248
199 250
200 203
200 206
200 208
200 213
200 214
200 215
200 216
200 228
200 240
200 249
201 212
201 213
201 214
201 217
201 219
201 220
201 229
201 231
201 233
201 234
201 242
201 243
201 244
201 245
201 246
201 250
202 206
202 211
202 213
202 214
202 216
202 218
202 219
202 220
202 223
202 230
202 233
202 234
202 236
202 238
202 247
202 248
202 250
203 208
203 212
203 216
203 217
203 218
203 221
203 223
203 224
203 228
203 231
203 232
203 236
203 237
203 238
203 239
203 245
203 248
203 250
204 205
204 212
204 220
204 224
204 225
204 229
204 232
204 233
204 234
204 240
204 242
204 244
204 247
205 206
205 207
205 208
205 211
205 213
205 224
205 225
205 226
205 228
205 231
205 233
205 234
205 236
205 237
205 241
205 242
205 243
205 247
205 248
206 208
206 209
206 217
206 218
206 240
206 245
206 249
207 215
207 216
207 217
207 227
207 230
207 231
207 234
207 236
207 239
207 240
207 242
207 244
207 248
207 250
208 210
208 216
208 220
208 223
208 230
208 235
209 212
209 217
209 224
209 225
209 229
209 233
209 234
209 235
209 238
209 242
209 245
209 246
209 249
210 216
210 217
210 218
210 221
210 223
210 227
210 233
210 237
210 240
210 244
210 247
210 248
211 222
211 240
211 244
211 249
211 250
212 213
212 218
212 220
212 226
212 228
212 232
212 233
212 235
212 236
212 239
213 215
213 222
213 223
213 228
213 229
213 231
213 234
213 235
213 239
213 243
213 244
213 249
213 250
214 215
214 217
214 221
214 224
214 225
214 226
214 237
214 238
214 240
214 246
214 247
214 248
214 249
215 216
215 219
215 224
215 226
215 229
215 232
215 235
215 238
215 241
215 242
215 246
215 247
215 250
216 217
216 219
216 220
216 223
216 224
216 228
216 232
216 233
216 234
216 235
216 236
216 240
216 243
216 249
217 218
217 219
217 223
217 225
217 227
217 235
217 239
217 245
217 247
217 249
218 219
218 221
218 225
218 226
218 227
218 232
218 234
218 243
218 246
219 220
219 221
219 224
219 225
219 227
219 228
219 232
219 235
219 239
219 246
220 223
220 224
220 225
220 226
220 229
220 233
220 235
220 236
220 248
220 250
221 226
221 227
221 228
221 230
221 232
221 234
221 237
221 238
221 239
221 242
221 243
221 248
221 249
222 225
222 234
222 246
222 250
223 224
223 225
223 231
223 232
223 233
223 234
223 236
223 238
223 241
223 246
224 226
224 230
224 237
224 244
224 245
224 249
225 228
225 234
225 236
225 239
225 240
225 242
225 243
225 246
225 247
225 249
226 231
226 233
226 236
226 237
226 238
226 239
227 232
227 236
227 241
227 243
227 246
228 229
228 231
228 232
228 239
228 240
228 243
228 245
228 247
228 248
229 235
229 236
229 237
229 240
229 242
229 243
229 250
230 231
230 233
230 235
230 237
230 239
230 241
230 243
230 244
230 246
231 233
231 234
232 233
232 236
232 245
233 234
233 235
233 236
233 241
233 244
233 250
234 235
234 236
234 238
234 243
235 238
235 240
235 241
235 247
235 248
236 238
236 246
237 243
237 244
238 241
238 245
238 247
238 249
239 242
239 249
240 246
241 247
241 249
242 247
242 249
242 250
243 244
243 245
243 248
243 250
244 248
245 247
247 248
247 249
248 249
248 250
