Esto es un comentario
500 500 12482
1 6
1 16
1 32
1 39
1 40
1 56
1 58
1 63
1 67
1 70
1 85
1 86
1 109
1 119
1 137
1 147
1 152
1 153
1 156
1 161
1 171
1 187
1 203
1 204
1 210
1 211
1 215
1 218
1 226
1 234
1 244
1 249
1 252
1 267
1 270
1 291
1 305
1 324
1 328
1 337
1 389
1 390
1 391
1 402
1 410
1 414
1 422
1 424
1 430
1 465
1 470
1 478
1 480
1 487
2 10
2 11
2 24
2 28
2 32
2 46
2 55
2 64
2 75
2 83
2 88
2 99
2 109
2 120
2 122
2 125
2 150
2 157
2 171
2 184
2 194
2 215
2 217
2 222
2 225
2 233
2 236
2 260
2 268
2 275
2 297
2 310
2 324
2 330
2 333
2 336
2 339
2 348
2 358
2 360
2 368
2 374
2 377
2 386
2 406
2 407
2 409
2 433
2 441
2 447
2 469
2 473
2 492
3 13
3 25
3 32
3 34
3 37
3 45
3 55
3 60
3 72
3 76
3 78
3 80
3 85
3 92
3 106
3 107
3 123
3 130
3 134
3 140
3 153
3 159
3 160
3 162
3 171
3 191
3 195
3 214
3 221
3 235
3 257
3 258
3 261
3 277
3 288
3 299
3 309
3 314
3 327
3 355
3 357
3 373
3 386
3 394
3 398
3 404
3 405
3 416
3 423
3 424
3 443
3 456
3 470
3 479
3 485
3 499
4 5
4 12
4 19
4 35
4 39
4 58
4 75
4 79
4 92
4 94
4 99
4 101
4 127
4 137
4 200
4 207
4 211
4 222
4 251
4 268
4 285
4 292
4 305
4 307
4 311
4 336
4 337
4 339
4 342
4 346
4 348
4 352
4 360
4 365
4 390
4 391
4 397
4 409
4 420
4 429
4 437
4 458
4 461
4 470
4 476
4 481
5 17
5 36
5 49
5 61
5 62
5 67
5 70
5 88
5 94
5 114
5 131
5 158
5 163
5 171
5 173
5 180
5 186
5 190
5 200
5 205
5 206
5 208
5 216
5 225
5 232
5 245
5 270
5 286
5 320
5 335
5 341
5 352
5 358
5 359
5 366
5 384
5 387
5 402
5 418
5 434
5 440
5 446
5 453
5 461
5 472
5 480
5 487
6 14
6 16
6 27
6 28
6 29
6 33
6 37
6 54
6 82
6 92
6 99
6 103
6 108
6 121
6 123
6 125
6 155
6 156
6 159
6 167
6 173
6 183
6 196
6 216
6 246
6 270
6 282
6 313
6 316
6 323
6 347
6 362
6 363
6 378
6 389
6 391
6 413
6 414
6 420
6 436
6 437
6 474
6 477
6 481
6 489
7 11
7 15
7 20
7 32
7 33
7 49
7 54
7 66
7 81
7 88
7 95
7 113
7 121
7 126
7 129
7 141
7 150
7 152
7 158
7 161
7 164
7 179
7 199
7 203
7 204
7 210
7 219
7 230
7 234
7 278
7 280
7 281
7 295
7 296
7 305
7 316
7 317
7 348
7 370
7 375
7 379
7 384
7 386
7 404
7 410
7 425
7 426
7 433
7 448
7 454
7 480
7 500
8 16
8 18
8 68
8 80
8 110
8 115
8 116
8 143
8 150
8 158
8 172
8 199
8 202
8 216
8 234
8 262
8 285
8 286
8 300
8 303
8 315
8 327
8 342
8 348
8 353
8 354
8 363
8 379
8 406
8 417
8 434
8 451
8 464
9 18
9 24
9 41
9 53
9 59
9 78
9 92
9 125
9 126
9 137
9 139
9 141
9 143
9 150
9 151
9 152
9 175
9 181
9 188
9 203
9 214
9 215
9 223
9 232
9 236
9 239
9 245
9 258
9 261
9 270
9 278
9 289
9 304
9 308
9 317
9 328
9 332
9 338
9 357
9 362
9 368
9 377
9 380
9 409
9 419
9 428
9 449
9 491
9 493
9 498
9 499
10 56
10 61
10 63
10 75
10 110
10 141
10 146
10 151
10 169
10 176
10 178
10 181
10 184
10 200
10 224
10 255
10 261
10 263
10 274
10 283
10 295
10 298
10 301
10 305
10 322
10 344
10 362
10 374
10 377
10 388
10 394
10 397
10 412
10 421
10 425
10 426
10 440
10 445
10 450
10 476
10 484
10 488
10 494
10 497
11 19
11 25
11 34
11 43
11 51
11 60
11 73
11 74
11 103
11 112
11 113
11 114
11 119
11 129
11 138
11 162
11 166
11 170
11 179
11 215
11 232
11 244
11 257
11 260
11 289
11 300
11 301
11 308
11 331
11 353
11 359
11 365
11 368
11 386
11 389
11 396
11 399
11 411
11 413
11 416
11 422
11 439
11 447
11 455
11 485
11 487
11 494
11 496
12 37
12 46
12 57
12 61
12 62
12 75
12 85
12 91
12 105
12 120
12 132
12 141
12 143
12 188
12 203
12 205
12 209
12 224
12 267
12 269
12 274
12 289
12 291
12 292
12 305
12 308
12 320
12 322
12 328
12 330
12 341
12 360
12 376
12 408
12 410
12 420
12 437
12 439
12 449
12 467
12 471
12 472
12 498
13 15
13 46
13 54
13 67
13 70
13 78
13 79
13 82
13 89
13 100
13 106
13 164
13 177
13 191
13 196
13 213
13 218
13 233
13 240
13 246
13 248
13 272
13 296
13 301
13 329
13 352
13 360
13 361
13 362
13 363
13 382
13 402
13 408
13 410
13 413
13 425
13 454
13 463
13 470
13 479
14 23
14 25
14 26
14 34
14 44
14 56
14 67
14 68
14 69
14 73
14 89
14 96
14 104
14 107
14 132
14 159
14 161
14 164
14 172
14 179
14 188
14 190
14 196
14 197
14 207
14 209
14 215
14 225
14 231
14 233
14 236
14 237
14 272
14 297
14 299
14 312
14 336
14 399
14 414
14 417
14 418
14 425
14 438
14 446
14 457
14 475
14 484
15 31
15 34
15 38
15 45
15 50
15 67
15 68
15 75
15 82
15 86
15 95
15 101
15 103
15 120
15 136
15 142
15 185
15 188
15 220
15 228
15 237
15 244
15 248
15 250
15 259
15 278
15 325
15 346
15 349
15 360
15 362
15 363
15 385
15 397
15 399
15 402
15 429
15 437
15 444
15 447
15 448
15 455
15 458
15 466
15 473
15 484
16 36
16 62
16 64
16 69
16 81
16 82
16 83
16 92
16 93
16 107
16 109
16 111
16 113
16 125
16 141
16 144
16 167
16 171
16 184
16 198
16 209
16 214
16 246
16 260
16 261
16 271
16 278
16 286
16 305
16 324
16 361
16 362
16 366
16 369
16 379
16 381
16 407
16 411
16 413
16 421
16 424
16 426
16 432
16 451
16 480
16 485
16 490
16 498
17 28
17 29
17 46
17 54
17 64
17 74
17 82
17 87
17 116
17 120
17 128
17 135
17 141
17 165
17 169
17 180
17 198
17 213
17 220
17 226
17 239
17 241
17 242
17 250
17 259
17 260
17 264
17 265
17 305
17 310
17 311
17 318
17 329
17 330
17 333
17 342
17 344
17 346
17 352
17 366
17 375
17 379
17 382
17 392
17 396
17 402
17 419
17 421
17 422
17 423
17 424
17 441
17 445
17 462
17 481
17 491
18 19
18 21
18 22
18 30
18 38
18 49
18 51
18 52
18 56
18 58
18 83
18 84
18 88
18 91
18 96
18 98
18 104
18 107
18 125
18 129
18 133
18 172
18 173
18 184
18 209
18 219
18 232
18 259
18 265
18 270
18 273
18 288
18 311
18 314
18 320
18 326
18 328
18 347
18 384
18 391
18 393
18 420
18 422
18 427
18 436
18 460
18 471
18 472
18 474
18 479
18 495
19 34
19 44
19 56
19 68
19 72
19 93
19 117
19 121
19 130
19 146
19 154
19 193
19 194
19 195
19 196
19 200
19 206
19 208
19 213
19 221
19 222
19 236
19 240
19 242
19 244
19 247
19 272
19 281
19 285
19 292
19 306
19 320
19 323
19 325
19 326
19 329
19 339
19 360
19 373
19 379
19 384
19 385
19 399
19 405
19 406
19 435
19 451
19 454
19 457
19 473
19 498
20 25
20 26
20 53
20 62
20 64
20 65
20 73
20 76
20 81
20 89
20 91
20 110
20 112
20 129
20 136
20 149
20 173
20 181
20 184
20 187
20 194
20 196
20 197
20 198
20 203
20 204
20 258
20 264
20 271
20 275
20 277
20 297
20 328
20 338
20 339
20 366
20 373
20 392
20 403
20 425
20 439
20 462
20 476
20 477
20 485
20 487
20 493
20 500
21 65
21 90
21 96
21 113
21 117
21 118
21 119
21 131
21 138
21 141
21 147
21 158
21 161
21 175
21 188
21 189
21 192
21 195
21 197
21 212
21 241
21 252
21 266
21 277
21 280
21 287
21 301
21 308
21 318
21 328
21 337
21 349
21 390
21 395
21 396
21 410
21 420
21 425
21 431
21 433
21 464
22 24
22 46
22 54
22 62
22 81
22 82
22 86
22 92
22 93
22 95
22 97
22 113
22 115
22 142
22 154
22 156
22 162
22 166
22 169
22 171
22 172
22 173
22 176
22 195
22 209
22 226
22 227
22 240
22 250
22 260
22 272
22 276
22 278
22 285
22 289
22 290
22 292
22 299
22 315
22 317
22 320
22 323
22 338
22 346
22 348
22 351
22 356
22 383
22 391
22 402
22 413
22 419
22 428
22 453
22 461
22 465
22 478
22 485
23 25
23 26
23 30
23 46
23 47
23 56
23 80
23 108
23 124
23 127
23 132
23 141
23 155
23 163
23 168
23 180
23 185
23 194
23 195
23 206
23 207
23 221
23 246
23 249
23 250
23 253
23 255
23 280
23 303
23 305
23 311
23 315
23 325
23 345
23 347
23 352
23 357
23 368
23 369
23 382
23 394
23 396
23 398
23 400
23 410
23 414
23 448
23 468
23 472
23 473
23 490
24 26
24 36
24 41
24 50
24 54
24 67
24 79
24 93
24 99
24 110
24 131
24 135
24 142
24 147
24 156
24 166
24 193
24 195
24 204
24 220
24 223
24 237
24 269
24 275
24 276
24 277
24 285
24 286
24 307
24 344
24 360
24 367
24 369
24 370
24 372
24 379
24 386
24 397
24 414
24 418
24 419
24 425
24 428
24 431
24 472
24 476
24 477
25 51
25 63
25 78
25 81
25 83
25 97
25 111
25 120
25 125
25 129
25 136
25 168
25 193
25 195
25 200
25 208
25 219
25 227
25 228
25 230
25 258
25 273
25 296
25 305
25 325
25 335
25 338
25 344
25 348
25 374
25 376
25 402
25 408
25 418
25 430
25 434
25 443
25 454
25 458
25 473
25 481
26 28
26 39
26 42
26 48
26 63
26 90
26 99
26 100
26 105
26 121
26 127
26 138
26 139
26 147
26 151
26 153
26 194
26 197
26 216
26 222
26 223
26 224
26 227
26 240
26 255
26 261
26 304
26 315
26 318
26 325
26 346
26 348
26 352
26 358
26 363
26 393
26 403
26 405
26 406
26 414
26 417
26 422
26 425
26 429
26 434
26 435
26 460
26 466
26 470
26 479
26 481
27 29
27 31
27 32
27 39
27 54
27 72
27 108
27 110
27 124
27 133
27 142
27 146
27 148
27 157
27 159
27 164
27 170
27 191
27 198
27 200
27 213
27 227
27 236
27 240
27 243
27 250
27 255
27 258
27 264
27 269
27 288
27 289
27 300
27 305
27 307
27 327
27 334
27 341
27 352
27 358
27 362
27 381
27 382
27 390
27 402
27 443
27 451
27 454
27 460
27 461
27 462
27 473
27 476
27 482
28 29
28 36
28 45
28 85
28 120
28 126
28 127
28 128
28 132
28 159
28 165
28 167
28 171
28 188
28 198
28 216
28 217
28 220
28 226
28 237
28 245
28 255
28 259
28 286
28 324
28 335
28 347
28 348
28 350
28 352
28 363
28 388
28 414
28 442
28 458
28 470
28 471
28 473
28 495
29 33
29 47
29 50
29 51
29 60
29 78
29 97
29 102
29 109
29 116
29 119
29 135
29 136
29 148
29 151
29 153
29 164
29 169
29 182
29 184
29 188
29 190
29 197
29 206
29 216
29 234
29 241
29 243
29 255
29 265
29 276
29 284
29 298
29 299
29 319
29 331
29 363
29 373
29 381
29 386
29 394
29 398
29 417
29 420
29 443
29 445
29 484
30 31
30 35
30 43
30 45
30 52
30 65
30 66
30 69
30 76
30 90
30 105
30 116
30 122
30 138
30 149
30 155
30 181
30 183
30 189
30 203
30 221
30 223
30 230
30 232
30 255
30 272
30 273
30 276
30 285
30 305
30 306
30 349
30 369
30 394
30 399
30 404
30 411
30 419
30 423
30 427
30 429
30 437
30 444
30 468
30 472
30 486
30 497
31 44
31 81
31 82
31 116
31 126
31 138
31 146
31 161
31 169
31 175
31 178
31 179
31 209
31 228
31 243
31 245
31 274
31 276
31 278
31 301
31 306
31 313
31 314
31 316
31 344
31 345
31 359
31 362
31 367
31 419
31 426
31 428
31 437
31 468
31 469
31 470
31 471
31 482
31 489
32 54
32 60
32 63
32 70
32 75
32 97
32 101
32 105
32 107
32 138
32 140
32 146
32 174
32 179
32 184
32 196
32 197
32 204
32 214
32 224
32 235
32 243
32 249
32 254
32 255
32 260
32 263
32 264
32 274
32 284
32 310
32 311
32 318
32 341
32 342
32 354
32 355
32 357
32 363
32 365
32 377
32 379
32 399
32 412
32 417
32 430
32 435
32 439
32 454
32 459
32 493
33 35
33 50
33 64
33 72
33 77
33 86
33 119
33 126
33 135
33 156
33 160
33 162
33 173
33 174
33 180
33 194
33 222
33 230
33 232
33 240
33 247
33 250
33 254
33 256
33 267
33 268
33 272
33 274
33 275
33 287
33 289
33 295
33 298
33 304
33 313
33 317
33 318
33 321
33 331
33 339
33 345
33 401
33 408
33 409
33 431
33 432
33 435
33 437
33 444
33 445
33 447
33 448
33 451
33 478
33 484
33 489
33 493
34 37
34 44
34 45
34 57
34 66
34 71
34 80
34 97
34 103
34 111
34 133
34 141
34 151
34 158
34 169
34 181
34 183
34 203
34 209
34 212
34 231
34 248
34 250
34 262
34 276
34 284
34 294
34 298
34 304
34 310
34 312
34 317
34 321
34 326
34 342
34 352
34 378
34 395
34 399
34 409
34 410
34 411
34 422
34 426
34 431
34 441
34 442
34 462
34 467
34 473
34 485
35 36
35 45
35 53
35 68
35 73
35 76
35 88
35 108
35 124
35 131
35 132
35 134
35 136
35 151
35 153
35 159
35 162
35 197
35 213
35 216
35 226
35 228
35 233
35 234
35 263
35 283
35 294
35 312
35 317
35 318
35 329
35 375
35 381
35 390
35 400
35 401
35 414
35 422
35 440
35 459
35 476
36 55
36 80
36 96
36 119
36 129
36 133
36 160
36 167
36 194
36 200
36 214
36 222
36 231
36 246
36 260
36 267
36 278
36 283
36 298
36 299
36 318
36 325
36 331
36 336
36 342
36 349
36 365
36 397
36 415
36 423
36 428
36 429
36 433
36 444
36 458
36 475
36 486
36 493
37 45
37 52
37 55
37 67
37 71
37 108
37 115
37 120
37 124
37 130
37 141
37 170
37 176
37 178
37 205
37 217
37 222
37 231
37 240
37 241
37 242
37 245
37 263
37 264
37 268
37 289
37 306
37 311
37 348
37 368
37 370
37 378
37 381
37 390
37 393
37 400
37 408
37 411
37 415
37 449
37 453
37 459
37 460
37 462
37 469
37 500
38 50
38 60
38 68
38 96
38 103
38 108
38 109
38 127
38 136
38 141
38 144
38 169
38 174
38 176
38 222
38 225
38 226
38 229
38 248
38 254
38 268
38 269
38 280
38 284
38 312
38 346
38 347
38 355
38 359
38 367
38 378
38 396
38 425
38 439
38 440
38 449
38 454
39 55
39 60
39 63
39 71
39 79
39 87
39 92
39 102
39 120
39 185
39 193
39 225
39 232
39 254
39 257
39 266
39 275
39 277
39 285
39 291
39 313
39 324
39 325
39 326
39 331
39 341
39 362
39 376
39 377
39 392
39 395
39 413
39 426
39 435
39 456
39 467
39 478
40 52
40 69
40 83
40 90
40 118
40 119
40 138
40 159
40 160
40 165
40 182
40 185
40 205
40 224
40 238
40 244
40 268
40 284
40 286
40 289
40 294
40 301
40 307
40 308
40 315
40 317
40 335
40 339
40 341
40 354
40 356
40 369
40 371
40 373
40 378
40 387
40 388
40 394
40 395
40 412
40 420
40 421
40 426
40 439
40 440
40 455
40 465
40 467
40 469
40 496
41 46
41 66
41 69
41 78
41 93
41 101
41 116
41 118
41 140
41 161
41 163
41 183
41 193
41 198
41 204
41 214
41 229
41 243
41 245
41 246
41 259
41 279
41 280
41 290
41 303
41 311
41 313
41 316
41 328
41 338
41 353
41 374
41 379
41 384
41 387
41 394
41 395
41 414
41 443
41 449
41 456
41 485
41 489
41 498
42 51
42 65
42 67
42 92
42 101
42 105
42 128
42 159
42 167
42 170
42 173
42 178
42 182
42 208
42 210
42 225
42 250
42 254
42 257
42 265
42 269
42 270
42 287
42 300
42 301
42 305
42 315
42 333
42 334
42 341
42 368
42 390
42 424
42 427
42 432
42 442
42 454
42 470
42 480
42 482
42 488
43 52
43 54
43 63
43 67
43 68
43 91
43 104
43 105
43 114
43 125
43 133
43 134
43 151
43 152
43 153
43 174
43 194
43 201
43 207
43 208
43 211
43 215
43 232
43 233
43 247
43 255
43 256
43 262
43 300
43 308
43 317
43 320
43 327
43 330
43 342
43 349
43 350
43 356
43 359
43 360
43 378
43 418
43 430
43 431
43 438
43 453
43 458
43 461
43 475
43 477
43 494
44 50
44 58
44 75
44 87
44 89
44 98
44 100
44 111
44 112
44 115
44 117
44 132
44 152
44 156
44 169
44 182
44 189
44 205
44 219
44 224
44 228
44 233
44 240
44 250
44 251
44 257
44 270
44 277
44 280
44 299
44 309
44 320
44 323
44 332
44 336
44 341
44 357
44 363
44 390
44 409
44 418
44 431
44 433
44 437
44 444
44 448
44 452
44 461
44 464
44 467
44 470
44 471
44 488
44 493
45 49
45 61
45 69
45 79
45 92
45 105
45 110
45 128
45 138
45 139
45 142
45 192
45 207
45 256
45 259
45 268
45 286
45 288
45 291
45 305
45 317
45 326
45 342
45 346
45 356
45 365
45 371
45 388
45 436
45 438
46 47
46 69
46 83
46 113
46 117
46 127
46 174
46 183
46 207
46 244
46 273
46 292
46 311
46 317
46 352
46 353
46 359
46 377
46 381
46 383
46 391
46 392
46 399
46 412
46 418
46 430
46 444
46 446
46 447
46 453
46 459
46 464
46 468
46 469
46 492
46 494
46 499
47 55
47 61
47 104
47 130
47 133
47 136
47 148
47 157
47 159
47 182
47 193
47 220
47 224
47 235
47 253
47 270
47 284
47 285
47 291
47 292
47 297
47 299
47 309
47 319
47 320
47 329
47 353
47 360
47 362
47 375
47 376
47 389
47 392
47 409
47 414
47 421
47 448
47 449
47 450
47 454
47 457
47 459
47 472
47 474
47 476
47 486
48 85
48 93
48 133
48 145
48 146
48 148
48 171
48 174
48 185
48 186
48 206
48 207
48 217
48 232
48 238
48 247
48 248
48 263
48 268
48 276
48 282
48 285
48 297
48 301
48 317
48 327
48 334
48 350
48 356
48 357
48 361
48 363
48 374
48 376
48 380
48 389
48 394
48 407
48 416
48 421
48 427
48 438
48 453
48 469
48 477
48 493
49 71
49 80
49 82
49 98
49 110
49 112
49 116
49 132
49 133
49 154
49 163
49 164
49 173
49 186
49 187
49 212
49 224
49 229
49 254
49 256
49 281
49 282
49 317
49 321
49 328
49 334
49 345
49 348
49 355
49 357
49 360
49 376
49 389
49 412
49 414
49 417
49 418
49 431
49 466
49 475
49 476
49 482
50 59
50 69
50 70
50 98
50 113
50 119
50 137
50 145
50 147
50 155
50 172
50 174
50 188
50 214
50 220
50 230
50 257
50 277
50 287
50 289
50 302
50 315
50 322
50 323
50 328
50 336
50 339
50 374
50 386
50 399
50 404
50 411
50 414
50 418
50 426
50 427
50 436
50 442
50 447
50 453
50 459
50 464
50 482
50 489
50 492
50 497
51 66
51 73
51 74
51 76
51 77
51 79
51 104
51 105
51 140
51 156
51 164
51 169
51 175
51 188
51 190
51 204
51 215
51 222
51 227
51 258
51 274
51 277
51 280
51 290
51 300
51 306
51 331
51 332
51 338
51 345
51 362
51 367
51 379
51 393
51 394
51 405
51 414
51 418
51 458
51 459
51 463
51 465
51 482
51 485
51 489
51 492
52 53
52 62
52 70
52 87
52 103
52 119
52 121
52 123
52 138
52 139
52 144
52 152
52 157
52 163
52 165
52 191
52 196
52 237
52 247
52 248
52 257
52 258
52 259
52 264
52 270
52 279
52 302
52 317
52 340
52 346
52 348
52 362
52 367
52 381
52 383
52 386
52 393
52 397
52 400
52 405
52 408
52 410
52 411
52 420
52 425
52 426
52 430
52 432
52 455
52 464
52 468
52 483
52 487
52 495
53 75
53 82
53 83
53 87
53 90
53 96
53 105
53 107
53 109
53 110
53 122
53 126
53 131
53 132
53 139
53 151
53 154
53 171
53 175
53 193
53 201
53 216
53 219
53 220
53 226
53 239
53 264
53 280
53 286
53 288
53 307
53 308
53 312
53 333
53 360
53 371
53 372
53 382
53 416
53 425
53 432
53 441
53 443
53 459
53 463
54 62
54 71
54 89
54 98
54 103
54 120
54 122
54 130
54 135
54 141
54 144
54 145
54 158
54 159
54 161
54 172
54 174
54 180
54 191
54 200
54 213
54 216
54 222
54 226
54 236
54 252
54 258
54 320
54 329
54 336
54 345
54 346
54 360
54 365
54 371
54 388
54 403
54 417
54 420
54 425
54 427
54 430
54 438
54 441
54 443
54 454
54 489
55 58
55 65
55 68
55 84
55 97
55 104
55 106
55 113
55 137
55 139
55 142
55 155
55 158
55 184
55 201
55 206
55 207
55 229
55 231
55 240
55 255
55 257
55 286
55 322
55 323
55 330
55 331
55 336
55 346
55 353
55 359
55 370
55 391
55 407
55 427
55 431
55 450
55 470
55 489
55 497
56 63
56 66
56 85
56 92
56 100
56 102
56 112
56 123
56 136
56 143
56 164
56 174
56 175
56 179
56 191
56 197
56 207
56 218
56 234
56 236
56 247
56 248
56 252
56 253
56 259
56 260
56 261
56 265
56 275
56 300
56 302
56 319
56 334
56 338
56 346
56 348
56 350
56 361
56 367
56 369
56 373
56 375
56 394
56 398
56 420
56 433
56 434
56 443
56 457
56 465
56 468
56 476
56 496
56 500
57 59
57 67
57 75
57 77
57 87
57 105
57 112
57 121
57 123
57 144
57 158
57 207
57 223
57 228
57 239
57 241
57 255
57 265
57 272
57 313
57 326
57 330
57 332
57 348
57 351
57 370
57 371
57 372
57 376
57 379
57 401
57 404
57 431
57 434
57 469
57 480
58 68
58 75
58 80
58 82
58 85
58 99
58 110
58 132
58 137
58 149
58 156
58 158
58 159
58 173
58 187
58 188
58 199
58 202
58 210
58 212
58 226
58 230
58 236
58 240
58 243
58 250
58 257
58 265
58 266
58 276
58 295
58 324
58 328
58 337
58 348
58 360
58 361
58 364
58 377
58 391
58 404
58 411
58 432
58 435
58 442
58 446
58 449
58 455
58 481
58 495
59 63
59 65
59 89
59 99
59 110
59 112
59 125
59 153
59 163
59 190
59 193
59 208
59 221
59 234
59 240
59 251
59 269
59 281
59 301
59 315
59 319
59 347
59 350
59 353
59 357
59 390
59 403
59 405
59 414
59 424
59 427
59 435
59 441
59 470
59 494
59 497
59 498
60 75
60 114
60 117
60 128
60 129
60 146
60 151
60 158
60 175
60 177
60 182
60 190
60 208
60 216
60 220
60 222
60 227
60 229
60 231
60 279
60 296
60 314
60 315
60 335
60 336
60 348
60 369
60 370
60 387
60 388
60 391
60 402
60 410
60 411
60 415
60 421
60 422
60 431
60 443
60 456
60 475
60 491
61 82
61 91
61 113
61 115
61 125
61 138
61 152
61 156
61 179
61 187
61 193
61 200
61 204
61 207
61 212
61 214
61 230
61 231
61 232
61 235
61 240
61 253
61 254
61 265
61 274
61 280
61 297
61 307
61 310
61 311
61 314
61 321
61 331
61 332
61 337
61 368
61 384
61 385
61 390
61 399
61 408
61 411
61 415
61 417
61 441
61 463
61 482
62 75
62 123
62 125
62 127
62 133
62 162
62 163
62 164
62 171
62 191
62 193
62 222
62 228
62 238
62 259
62 260
62 262
62 269
62 297
62 301
62 312
62 335
62 347
62 352
62 382
62 390
62 397
62 409
62 414
62 425
62 438
62 441
62 442
62 447
62 449
62 484
62 495
62 499
63 67
63 71
63 82
63 86
63 91
63 92
63 102
63 103
63 116
63 120
63 131
63 142
63 147
63 182
63 204
63 206
63 224
63 233
63 234
63 260
63 262
63 265
63 267
63 269
63 280
63 285
63 286
63 298
63 312
63 317
63 321
63 325
63 328
63 335
63 338
63 351
63 353
63 354
63 362
63 376
63 379
63 387
63 399
63 413
63 430
63 478
63 479
63 486
63 488
63 489
63 500
64 66
64 67
64 81
64 100
64 117
64 120
64 126
64 131
64 150
64 156
64 157
64 191
64 193
64 194
64 195
64 199
64 223
64 228
64 236
64 239
64 246
64 253
64 264
64 268
64 279
64 283
64 286
64 293
64 302
64 304
64 311
64 327
64 333
64 349
64 370
64 410
64 419
64 426
64 431
64 438
64 439
64 440
64 446
64 450
64 451
64 461
64 463
64 477
64 493
65 86
65 90
65 97
65 103
65 108
65 117
65 122
65 154
65 158
65 160
65 162
65 190
65 192
65 194
65 219
65 224
65 228
65 236
65 243
65 251
65 258
65 260
65 265
65 269
65 283
65 290
65 291
65 302
65 306
65 310
65 317
65 320
65 338
65 339
65 344
65 350
65 362
65 385
65 391
65 401
65 424
65 433
65 436
65 437
65 441
65 451
65 461
65 476
65 481
65 482
65 485
65 488
65 490
65 491
65 493
65 498
66 75
66 96
66 105
66 128
66 133
66 148
66 149
66 156
66 158
66 159
66 163
66 171
66 174
66 186
66 190
66 193
66 209
66 218
66 231
66 237
66 253
66 258
66 260
66 262
66 264
66 282
66 293
66 300
66 308
66 309
66 318
66 323
66 344
66 357
66 362
66 367
66 405
66 408
66 416
66 422
66 423
66 428
66 431
66 467
66 471
67 69
67 81
67 82
67 88
67 93
67 124
67 126
67 132
67 133
67 138
67 141
67 157
67 182
67 183
67 199
67 201
67 206
67 217
67 249
67 250
67 271
67 274
67 276
67 289
67 306
67 325
67 340
67 346
67 350
67 356
67 381
67 387
67 392
67 397
67 427
67 437
67 452
67 474
67 479
67 481
67 491
67 497
67 500
68 69
68 81
68 88
68 94
68 106
68 119
68 125
68 135
68 146
68 168
68 188
68 199
68 204
68 209
68 223
68 260
68 287
68 302
68 303
68 309
68 327
68 329
68 351
68 368
68 369
68 397
68 423
68 432
68 433
68 482
68 490
68 491
69 81
69 84
69 86
69 87
69 95
69 121
69 123
69 124
69 126
69 127
69 150
69 189
69 192
69 195
69 201
69 206
69 214
69 219
69 236
69 239
69 247
69 257
69 259
69 288
69 316
69 318
69 322
69 323
69 333
69 370
69 374
69 402
69 437
69 438
69 453
69 455
69 456
69 464
69 470
69 471
69 474
70 71
70 78
70 81
70 87
70 91
70 96
70 109
70 110
70 111
70 112
70 113
70 128
70 136
70 150
70 232
70 233
70 250
70 251
70 277
70 283
70 285
70 308
70 327
70 342
70 372
70 382
70 398
70 403
70 411
70 416
70 417
70 420
70 445
70 467
70 474
70 498
71 84
71 85
71 87
71 89
71 100
71 102
71 126
71 128
71 133
71 137
71 145
71 147
71 151
71 153
71 156
71 182
71 185
71 194
71 198
71 224
71 228
71 229
71 231
71 233
71 237
71 243
71 249
71 250
71 253
71 255
71 271
71 274
71 285
71 286
71 287
71 289
71 293
71 294
71 322
71 352
71 364
71 372
71 373
71 380
71 382
71 390
71 400
71 414
71 423
71 424
71 466
71 470
71 478
71 492
72 73
72 76
72 85
72 93
72 101
72 133
72 140
72 161
72 183
72 185
72 201
72 204
72 221
72 241
72 243
72 247
72 250
72 251
72 255
72 263
72 274
72 276
72 286
72 291
72 293
72 294
72 313
72 315
72 323
72 327
72 336
72 337
72 338
72 352
72 354
72 360
72 375
72 381
72 386
72 396
72 404
72 413
72 416
72 427
72 432
72 439
72 441
72 442
72 443
72 444
72 445
72 458
72 479
72 483
72 490
72 500
73 82
73 89
73 124
73 133
73 137
73 145
73 160
73 165
73 173
73 189
73 191
73 197
73 198
73 206
73 223
73 232
73 257
73 266
73 270
73 307
73 317
73 321
73 327
73 329
73 331
73 354
73 369
73 378
73 379
73 394
73 399
73 430
73 439
73 441
73 464
73 478
73 479
73 480
73 499
74 80
74 83
74 96
74 103
74 114
74 116
74 119
74 130
74 132
74 144
74 154
74 169
74 179
74 185
74 190
74 193
74 194
74 206
74 234
74 244
74 245
74 268
74 291
74 302
74 313
74 317
74 324
74 338
74 353
74 366
74 369
74 396
74 398
74 401
74 409
74 411
74 421
74 439
74 460
74 468
74 472
74 481
74 482
75 82
75 109
75 110
75 143
75 150
75 179
75 183
75 205
75 213
75 218
75 225
75 239
75 250
75 265
75 274
75 276
75 286
75 287
75 305
75 319
75 324
75 350
75 353
75 403
75 406
75 408
75 417
75 418
75 429
75 431
75 435
75 450
75 457
75 465
75 474
75 478
75 490
75 491
75 493
76 77
76 80
76 90
76 99
76 103
76 108
76 109
76 121
76 133
76 164
76 169
76 188
76 195
76 199
76 201
76 210
76 214
76 232
76 241
76 278
76 284
76 310
76 315
76 317
76 320
76 322
76 326
76 332
76 334
76 344
76 358
76 365
76 380
76 394
76 422
76 429
76 445
76 446
76 453
76 458
76 459
76 460
76 468
76 481
76 499
77 80
77 140
77 161
77 165
77 166
77 197
77 207
77 235
77 247
77 258
77 259
77 269
77 275
77 277
77 286
77 287
77 288
77 301
77 313
77 317
77 326
77 328
77 356
77 379
77 383
77 390
77 399
77 418
77 421
77 427
77 436
77 441
77 445
77 458
77 465
77 468
77 469
77 476
77 489
77 492
78 82
78 84
78 96
78 108
78 129
78 142
78 148
78 150
78 163
78 177
78 191
78 197
78 200
78 208
78 218
78 223
78 243
78 244
78 258
78 264
78 281
78 282
78 295
78 298
78 301
78 316
78 318
78 328
78 333
78 335
78 339
78 346
78 353
78 361
78 375
78 391
78 397
78 407
78 459
78 464
78 477
78 478
78 483
78 489
78 490
79 81
79 82
79 91
79 93
79 97
79 99
79 110
79 118
79 122
79 130
79 144
79 165
79 187
79 200
79 204
79 205
79 214
79 224
79 233
79 241
79 248
79 264
79 268
79 276
79 281
79 291
79 302
79 303
79 304
79 309
79 325
79 334
79 362
79 379
79 393
79 394
79 397
79 417
79 425
79 440
79 442
79 446
79 458
79 464
79 486
79 491
80 100
80 110
80 115
80 119
80 127
80 138
80 168
80 172
80 182
80 187
80 199
80 201
80 203
80 213
80 222
80 226
80 228
80 235
80 249
80 271
80 274
80 288
80 293
80 299
80 306
80 337
80 349
80 361
80 392
80 417
80 430
80 431
80 436
80 438
80 462
80 477
80 490
80 499
81 82
81 120
81 134
81 140
81 141
81 152
81 161
81 174
81 190
81 197
81 198
81 202
81 225
81 235
81 250
81 276
81 282
81 294
81 304
81 317
81 321
81 325
81 329
81 335
81 341
81 346
81 350
81 355
81 365
81 375
81 382
81 394
81 411
81 430
81 443
81 448
81 454
81 465
81 477
81 496
82 84
82 97
82 98
82 99
82 107
82 118
82 119
82 123
82 131
82 133
82 144
82 156
82 159
82 165
82 182
82 207
82 211
82 217
82 236
82 250
82 252
82 255
82 259
82 276
82 284
82 308
82 309
82 325
82 345
82 355
82 359
82 366
82 387
82 413
82 429
82 453
82 458
82 463
82 471
82 478
82 480
82 482
83 85
83 102
83 125
83 129
83 136
83 149
83 176
83 188
83 192
83 213
83 218
83 229
83 238
83 257
83 301
83 328
83 338
83 341
83 343
83 345
83 346
83 352
83 355
83 359
83 362
83 394
83 403
83 405
83 412
83 416
83 417
83 418
83 423
83 425
83 455
83 457
83 462
83 473
83 499
84 91
84 109
84 148
84 150
84 177
84 181
84 210
84 212
84 216
84 220
84 221
84 228
84 235
84 272
84 281
84 313
84 324
84 336
84 367
84 390
84 392
84 395
84 398
84 440
84 441
84 453
84 465
84 468
84 493
84 500
85 90
85 105
85 115
85 117
85 141
85 162
85 176
85 180
85 202
85 227
85 241
85 260
85 266
85 272
85 273
85 277
85 280
85 293
85 299
85 300
85 315
85 318
85 331
85 340
85 345
85 364
85 379
85 387
85 395
85 400
85 415
85 416
85 440
85 450
85 454
85 456
85 459
85 482
85 483
86 90
86 93
86 113
86 122
86 138
86 152
86 174
86 190
86 202
86 207
86 215
86 233
86 237
86 240
86 245
86 247
86 249
86 278
86 287
86 301
86 327
86 329
86 331
86 333
86 334
86 337
86 349
86 356
86 358
86 378
86 382
86 390
86 392
86 396
86 398
86 403
86 418
86 431
86 432
86 447
86 448
86 450
86 458
86 467
86 473
86 484
87 92
87 96
87 99
87 108
87 140
87 142
87 162
87 175
87 183
87 197
87 226
87 234
87 243
87 248
87 253
87 265
87 267
87 271
87 298
87 335
87 340
87 347
87 369
87 377
87 378
87 381
87 399
87 401
87 410
87 435
87 451
87 458
87 460
87 461
87 465
87 472
88 90
88 99
88 101
88 129
88 131
88 139
88 141
88 154
88 155
88 158
88 159
88 165
88 166
88 170
88 172
88 189
88 191
88 195
88 196
88 244
88 258
88 283
88 296
88 307
88 324
88 326
88 332
88 339
88 355
88 356
88 357
88 382
88 384
88 386
88 405
88 408
88 419
88 423
88 429
88 445
88 459
88 462
88 473
89 109
89 112
89 142
89 164
89 171
89 172
89 176
89 191
89 200
89 211
89 218
89 220
89 247
89 266
89 290
89 300
89 312
89 323
89 327
89 331
89 336
89 338
89 339
89 341
89 346
89 357
89 362
89 364
89 375
89 398
89 409
89 427
89 432
89 452
89 453
89 461
89 469
89 472
89 481
89 487
90 96
90 115
90 135
90 141
90 144
90 151
90 152
90 159
90 163
90 189
90 222
90 233
90 238
90 261
90 275
90 285
90 304
90 308
90 309
90 310
90 311
90 326
90 327
90 340
90 341
90 352
90 361
90 373
90 374
90 388
90 395
90 404
90 432
90 441
90 448
90 450
90 472
91 95
91 100
91 111
91 129
91 146
91 151
91 158
91 164
91 174
91 190
91 192
91 193
91 195
91 196
91 201
91 216
91 229
91 247
91 249
91 265
91 281
91 282
91 293
91 299
91 322
91 326
91 327
91 336
91 337
91 346
91 354
91 356
91 359
91 369
91 385
91 386
91 399
91 402
91 426
91 427
91 436
91 442
91 454
91 461
91 468
91 488
92 118
92 149
92 151
92 180
92 191
92 250
92 260
92 306
92 308
92 309
92 315
92 316
92 337
92 352
92 403
92 411
92 413
92 421
92 424
92 429
92 455
92 458
92 463
92 465
92 466
92 469
92 487
92 489
92 494
93 103
93 111
93 112
93 120
93 124
93 136
93 148
93 155
93 157
93 194
93 196
93 245
93 250
93 265
93 268
93 285
93 299
93 302
93 316
93 326
93 355
93 356
93 367
93 376
93 387
93 393
93 394
93 396
93 407
93 416
93 431
93 442
93 444
93 445
93 451
93 452
93 453
93 457
93 458
93 460
93 461
93 464
93 490
93 498
94 103
94 108
94 115
94 119
94 120
94 123
94 126
94 132
94 138
94 139
94 156
94 163
94 176
94 180
94 182
94 183
94 197
94 212
94 213
94 217
94 226
94 228
94 237
94 244
94 245
94 262
94 269
94 273
94 283
94 288
94 318
94 320
94 323
94 329
94 332
94 337
94 340
94 360
94 367
94 380
94 411
94 443
94 448
94 461
94 464
94 481
94 494
95 107
95 114
95 129
95 130
95 144
95 170
95 174
95 186
95 199
95 211
95 216
95 228
95 234
95 240
95 242
95 245
95 246
95 258
95 317
95 328
95 332
95 341
95 351
95 371
95 375
95 380
95 388
95 402
95 406
95 407
95 408
95 438
95 443
95 446
95 456
95 470
95 472
95 473
95 489
95 492
95 495
95 496
95 499
96 114
96 133
96 152
96 164
96 188
96 191
96 212
96 214
96 218
96 221
96 225
96 246
96 253
96 254
96 283
96 286
96 288
96 289
96 291
96 322
96 325
96 334
96 337
96 358
96 382
96 383
96 393
96 396
96 412
96 416
96 429
96 446
96 456
96 460
96 472
96 477
96 480
96 485
96 489
96 494
97 107
97 109
97 122
97 124
97 135
97 162
97 164
97 169
97 172
97 174
97 178
97 185
97 202
97 204
97 214
97 226
97 234
97 240
97 248
97 257
97 261
97 303
97 308
97 321
97 350
97 363
97 368
97 405
97 413
97 421
97 428
97 432
97 446
97 459
97 462
97 468
97 470
97 484
97 487
97 488
97 489
97 491
97 493
97 500
98 102
98 126
98 132
98 138
98 143
98 155
98 159
98 161
98 162
98 164
98 165
98 169
98 170
98 172
98 181
98 182
98 188
98 196
98 214
98 246
98 259
98 261
98 299
98 309
98 313
98 320
98 332
98 336
98 347
98 350
98 367
98 369
98 377
98 385
98 386
98 389
98 398
98 416
98 452
98 485
98 494
98 495
99 115
99 126
99 127
99 128
99 133
99 137
99 138
99 152
99 182
99 183
99 198
99 213
99 244
99 258
99 268
99 274
99 276
99 283
99 292
99 297
99 308
99 323
99 325
99 327
99 340
99 351
99 353
99 357
99 381
99 387
99 412
99 416
99 421
99 426
99 427
99 443
99 484
99 490
100 104
100 115
100 133
100 146
100 155
100 157
100 160
100 164
100 180
100 187
100 191
100 196
100 207
100 215
100 221
100 224
100 240
100 251
100 285
100 299
100 300
100 317
100 338
100 341
100 347
100 348
100 354
100 373
100 374
100 393
100 400
100 404
100 408
100 413
100 437
100 452
100 454
100 456
100 462
100 463
100 467
100 468
100 475
100 484
101 112
101 119
101 123
101 129
101 140
101 148
101 157
101 174
101 194
101 201
101 214
101 219
101 225
101 226
101 227
101 237
101 240
101 244
101 247
101 250
101 253
101 282
101 289
101 316
101 328
101 331
101 379
101 416
101 424
101 435
101 484
101 485
101 493
102 114
102 120
102 132
102 146
102 147
102 148
102 152
102 157
102 174
102 216
102 226
102 257
102 271
102 282
102 283
102 303
102 307
102 317
102 323
102 340
102 342
102 370
102 381
102 385
102 411
102 427
102 431
102 433
102 440
102 441
102 452
102 464
102 470
102 487
102 496
103 123
103 138
103 141
103 169
103 172
103 174
103 175
103 192
103 197
103 206
103 208
103 227
103 229
103 233
103 251
103 253
103 267
103 287
103 289
103 296
103 313
103 328
103 344
103 357
103 358
103 368
103 370
103 371
103 385
103 396
103 407
103 408
103 434
103 438
103 442
103 457
103 464
103 490
103 491
104 108
104 109
104 129
104 166
104 183
104 190
104 196
104 199
104 222
104 234
104 242
104 243
104 247
104 253
104 260
104 264
104 270
104 283
104 286
104 301
104 304
104 323
104 330
104 332
104 338
104 360
104 373
104 376
104 385
104 406
104 414
104 415
104 421
104 439
104 474
104 487
105 110
105 119
105 136
105 150
105 155
105 157
105 161
105 167
105 175
105 181
105 185
105 191
105 210
105 222
105 228
105 236
105 237
105 249
105 259
105 266
105 270
105 271
105 275
105 281
105 297
105 313
105 329
105 340
105 341
105 346
105 354
105 365
105 368
105 370
105 373
105 379
105 391
105 396
105 398
105 400
105 404
105 416
105 426
105 428
105 430
105 456
105 457
105 474
105 482
105 488
105 491
105 493
106 120
106 121
106 124
106 125
106 131
106 138
106 150
106 154
106 158
106 161
106 176
106 180
106 200
106 204
106 213
106 216
106 230
106 247
106 269
106 279
106 282
106 287
106 292
106 319
106 325
106 347
106 352
106 366
106 404
106 430
106 436
106 451
106 453
106 482
106 483
106 491
107 112
107 140
107 149
107 173
107 185
107 207
107 224
107 248
107 269
107 276
107 283
107 294
107 295
107 299
107 300
107 304
107 312
107 328
107 334
107 348
107 351
107 361
107 372
107 381
107 387
107 400
107 403
107 405
107 447
107 451
107 484
107 487
107 490
107 497
108 111
108 112
108 145
108 150
108 159
108 171
108 175
108 179
108 185
108 204
108 212
108 217
108 237
108 239
108 251
108 257
108 258
108 262
108 271
108 278
108 293
108 301
108 319
108 321
108 340
108 343
108 344
108 347
108 365
108 366
108 413
108 416
108 440
108 460
108 462
109 126
109 131
109 135
109 139
109 143
109 157
109 194
109 198
109 202
109 215
109 216
109 226
109 228
109 235
109 277
109 285
109 287
109 296
109 298
109 315
109 325
109 336
109 342
109 347
109 362
109 371
109 373
109 374
109 402
109 405
109 416
109 417
109 418
109 442
109 449
109 461
109 473
109 493
109 500
110 130
110 144
110 166
110 168
110 173
110 183
110 198
110 205
110 221
110 225
110 227
110 245
110 262
110 300
110 307
110 331
110 359
110 361
110 362
110 379
110 382
110 394
110 404
110 417
110 442
110 451
110 453
110 464
110 475
110 480
110 490
110 494
111 116
111 125
111 129
111 140
111 146
111 160
111 164
111 182
111 188
111 203
111 213
111 216
111 220
111 232
111 249
111 258
111 268
111 272
111 288
111 290
111 293
111 298
111 314
111 325
111 332
111 333
111 346
111 349
111 354
111 362
111 377
111 417
111 418
111 425
111 431
111 439
111 450
111 452
111 459
111 464
111 473
111 474
111 489
112 115
112 116
112 117
112 118
112 125
112 129
112 144
112 163
112 180
112 196
112 205
112 213
112 222
112 258
112 287
112 289
112 296
112 314
112 322
112 330
112 341
112 357
112 377
112 393
112 403
112 405
112 411
112 413
112 416
112 419
112 427
112 436
112 453
112 468
112 472
112 495
113 123
113 177
113 179
113 180
113 225
113 227
113 243
113 244
113 252
113 255
113 263
113 266
113 271
113 281
113 292
113 298
113 307
113 312
113 317
113 330
113 341
113 343
113 362
113 365
113 370
113 374
113 397
113 402
113 407
113 409
113 416
113 431
113 441
113 443
113 459
113 472
113 499
114 147
114 158
114 162
114 168
114 170
114 192
114 198
114 202
114 207
114 218
114 222
114 231
114 237
114 245
114 258
114 289
114 291
114 293
114 294
114 408
114 420
114 448
114 452
114 461
114 464
114 465
114 468
114 477
114 478
114 480
114 491
115 119
115 128
115 132
115 160
115 171
115 172
115 182
115 195
115 207
115 211
115 221
115 243
115 280
115 293
115 294
115 300
115 301
115 316
115 319
115 327
115 331
115 332
115 344
115 352
115 393
115 396
115 400
115 429
115 442
115 446
115 456
115 459
115 465
115 481
115 488
116 117
116 134
116 141
116 184
116 193
116 194
116 199
116 201
116 204
116 208
116 212
116 222
116 228
116 241
116 242
116 248
116 260
116 268
116 269
116 279
116 292
116 295
116 299
116 301
116 343
116 360
116 368
116 392
116 394
116 404
116 433
116 437
116 439
116 447
116 460
116 466
116 472
116 475
116 477
116 496
117 120
117 139
117 147
117 165
117 184
117 185
117 201
117 204
117 233
117 242
117 267
117 270
117 272
117 275
117 284
117 285
117 286
117 293
117 307
117 317
117 328
117 337
117 351
117 370
117 382
117 393
117 395
117 399
117 400
117 401
117 418
117 421
117 422
117 423
117 434
117 454
117 461
117 473
117 481
117 495
117 496
118 151
118 154
118 155
118 163
118 166
118 169
118 174
118 203
118 207
118 214
118 223
118 253
118 262
118 267
118 269
118 270
118 290
118 297
118 298
118 305
118 340
118 342
118 356
118 357
118 360
118 364
118 404
118 422
118 425
118 444
118 462
118 469
118 475
119 133
119 137
119 173
119 175
119 176
119 179
119 185
119 196
119 203
119 230
119 246
119 291
119 295
119 302
119 323
119 337
119 338
119 342
119 344
119 352
119 358
119 359
119 372
119 384
119 406
119 409
119 423
119 424
119 443
119 456
119 457
119 467
119 485
119 489
119 490
120 127
120 144
120 154
120 181
120 183
120 193
120 203
120 245
120 249
120 262
120 264
120 266
120 269
120 276
120 279
120 284
120 287
120 293
120 294
120 306
120 317
120 343
120 346
120 349
120 356
120 363
120 390
120 395
120 399
120 400
120 414
120 415
120 418
120 429
120 438
120 440
120 443
120 458
120 469
120 478
120 483
120 484
120 492
121 124
121 133
121 137
121 145
121 153
121 164
121 174
121 181
121 186
121 194
121 211
121 216
121 219
121 220
121 225
121 250
121 251
121 253
121 274
121 275
121 282
121 298
121 310
121 316
121 326
121 331
121 341
121 388
121 397
121 411
121 450
121 458
121 472
121 482
121 489
121 490
121 497
122 125
122 129
122 150
122 158
122 169
122 170
122 202
122 216
122 226
122 230
122 240
122 241
122 257
122 261
122 272
122 281
122 294
122 301
122 303
122 305
122 318
122 330
122 338
122 369
122 394
122 403
122 416
122 418
122 421
122 424
122 428
122 454
122 455
122 458
122 460
122 484
122 492
122 496
122 499
123 124
123 127
123 131
123 135
123 147
123 169
123 170
123 186
123 188
123 189
123 193
123 210
123 215
123 227
123 233
123 237
123 272
123 302
123 309
123 311
123 314
123 331
123 333
123 336
123 345
123 349
123 390
123 393
123 438
123 443
123 444
123 451
123 457
123 460
123 473
123 474
123 478
123 494
123 499
124 127
124 135
124 152
124 183
124 190
124 194
124 218
124 219
124 228
124 235
124 239
124 243
124 268
124 275
124 283
124 308
124 322
124 332
124 335
124 337
124 344
124 345
124 346
124 354
124 363
124 371
124 393
124 398
124 403
124 405
124 409
124 415
124 427
124 429
124 432
124 438
124 440
124 444
124 448
124 461
124 468
124 471
124 472
124 479
124 484
124 492
124 493
125 128
125 135
125 164
125 177
125 186
125 219
125 245
125 248
125 278
125 285
125 294
125 297
125 313
125 317
125 318
125 335
125 336
125 375
125 396
125 404
125 406
125 416
125 418
125 419
125 455
125 456
125 457
125 460
125 463
125 469
125 472
125 495
126 141
126 143
126 160
126 171
126 198
126 205
126 216
126 232
126 252
126 255
126 259
126 270
126 273
126 297
126 303
126 323
126 339
126 341
126 351
126 368
126 376
126 389
126 395
126 401
126 409
126 410
126 426
126 447
126 452
126 469
126 496
126 497
127 143
127 149
127 150
127 153
127 160
127 179
127 189
127 196
127 202
127 204
127 216
127 217
127 218
127 220
127 241
127 243
127 272
127 275
127 287
127 290
127 303
127 305
127 307
127 310
127 316
127 327
127 344
127 347
127 350
127 352
127 361
127 368
127 370
127 399
127 411
127 413
127 432
127 449
127 450
127 457
127 465
127 469
127 474
127 475
127 476
127 479
127 484
127 486
127 495
127 499
128 134
128 135
128 142
128 159
128 160
128 161
128 170
128 174
128 181
128 182
128 184
128 185
128 189
128 191
128 195
128 197
128 202
128 234
128 260
128 296
128 311
128 320
128 352
128 354
128 356
128 363
128 366
128 368
128 369
128 373
128 395
128 425
128 426
128 433
128 436
128 442
128 444
128 459
128 467
128 470
128 479
128 497
129 140
129 150
129 172
129 192
129 199
129 207
129 218
129 247
129 258
129 289
129 293
129 323
129 326
129 349
129 350
129 370
129 377
129 401
129 409
129 420
129 429
129 451
129 476
129 481
129 483
129 486
129 488
130 150
130 154
130 160
130 167
130 177
130 185
130 189
130 192
130 196
130 216
130 219
130 236
130 238
130 262
130 263
130 285
130 290
130 308
130 316
130 319
130 323
130 325
130 335
130 336
130 345
130 347
130 353
130 375
130 380
130 388
130 391
130 393
130 402
130 406
130 422
130 431
130 472
130 476
130 488
130 494
130 499
131 157
131 161
131 171
131 181
131 214
131 215
131 220
131 224
131 232
131 257
131 275
131 282
131 287
131 293
131 298
131 300
131 309
131 316
131 319
131 351
131 363
131 370
131 374
131 377
131 380
131 400
131 426
131 428
131 432
131 443
131 447
131 457
131 466
131 472
131 479
131 488
131 490
131 491
131 495
131 497
132 143
132 148
132 149
132 155
132 159
132 178
132 189
132 207
132 210
132 214
132 237
132 249
132 252
132 253
132 259
132 269
132 271
132 291
132 294
132 307
132 319
132 338
132 356
132 361
132 365
132 372
132 376
132 389
132 400
132 404
132 408
132 417
132 438
132 445
132 446
132 448
132 455
132 479
132 484
132 489
133 136
133 140
133 145
133 147
133 155
133 159
133 165
133 167
133 175
133 177
133 187
133 194
133 202
133 211
133 215
133 224
133 229
133 261
133 271
133 275
133 294
133 296
133 299
133 307
133 308
133 333
133 337
133 340
133 341
133 353
133 357
133 362
133 368
133 382
133 407
133 418
133 434
133 438
133 472
133 482
133 494
133 495
133 498
134 142
134 147
134 158
134 162
134 171
134 189
134 202
134 203
134 206
134 214
134 225
134 228
134 244
134 259
134 270
134 271
134 274
134 300
134 301
134 306
134 329
134 343
134 366
134 374
134 376
134 388
134 390
134 391
134 401
134 406
134 433
134 436
134 438
134 462
134 470
134 472
134 474
134 485
134 488
134 492
134 496
134 499
135 171
135 178
135 182
135 227
135 253
135 256
135 274
135 279
135 302
135 305
135 326
135 329
135 333
135 338
135 361
135 364
135 369
135 378
135 397
135 401
135 405
135 413
135 417
135 420
135 425
135 432
135 438
135 470
135 471
135 475
135 481
135 487
135 488
135 496
135 497
136 148
136 150
136 172
136 174
136 177
136 179
136 187
136 196
136 201
136 225
136 232
136 235
136 246
136 264
136 280
136 287
136 320
136 338
136 350
136 351
136 364
136 365
136 393
136 397
136 405
136 412
136 415
136 422
136 437
136 450
136 451
136 456
136 470
136 488
137 158
137 166
137 185
137 198
137 199
137 209
137 228
137 230
137 236
137 247
137 253
137 255
137 260
137 277
137 287
137 296
137 298
137 299
137 304
137 313
137 315
137 321
137 328
137 330
137 332
137 360
137 361
137 363
137 378
137 386
137 395
137 459
137 478
137 486
137 491
138 148
138 149
138 150
138 153
138 174
138 185
138 187
138 189
138 194
138 210
138 213
138 224
138 225
138 227
138 235
138 253
138 257
138 262
138 270
138 271
138 272
138 275
138 305
138 314
138 317
138 328
138 329
138 339
138 347
138 350
138 358
138 372
138 375
138 398
138 415
138 419
138 425
138 437
138 487
138 489
139 142
139 145
139 147
139 158
139 168
139 172
139 179
139 201
139 205
139 208
139 210
139 212
139 217
139 225
139 237
139 265
139 266
139 267
139 268
139 271
139 272
139 293
139 298
139 303
139 310
139 311
139 333
139 340
139 341
139 363
139 365
139 366
139 367
139 372
139 383
139 384
139 401
139 410
139 415
139 421
139 423
139 424
139 444
139 476
139 478
139 481
139 486
139 497
140 145
140 153
140 155
140 166
140 173
140 197
140 213
140 214
140 215
140 225
140 234
140 240
140 264
140 271
140 274
140 287
140 292
140 302
140 306
140 317
140 318
140 320
140 322
140 346
140 352
140 360
140 361
140 378
140 379
140 386
140 396
140 403
140 417
140 418
140 432
140 446
140 449
140 463
140 464
140 466
140 473
140 489
140 499
140 500
141 156
141 158
141 179
141 180
141 192
141 213
141 224
141 237
141 248
141 255
141 278
141 283
141 324
141 328
141 332
141 357
141 380
141 397
141 415
141 416
141 436
141 445
141 450
141 471
141 475
141 476
141 483
141 488
142 146
142 164
142 166
142 180
142 184
142 198
142 200
142 201
142 204
142 215
142 219
142 244
142 251
142 263
142 274
142 279
142 307
142 325
142 327
142 345
142 365
142 369
142 376
142 387
142 400
142 405
142 412
142 415
142 418
142 424
142 434
142 439
142 460
142 467
142 470
142 479
142 481
143 147
143 160
143 162
143 181
143 185
143 186
143 202
143 204
143 212
143 219
143 225
143 233
143 264
143 273
143 287
143 291
143 295
143 316
143 343
143 357
143 364
143 368
143 372
143 384
143 392
143 393
143 399
143 410
143 432
143 453
143 461
143 498
144 179
144 188
144 193
144 197
144 202
144 204
144 208
144 220
144 222
144 230
144 242
144 269
144 302
144 309
144 310
144 314
144 348
144 375
144 385
144 389
144 404
144 411
144 420
144 430
144 432
144 457
144 467
144 473
144 484
144 493
144 495
145 167
145 171
145 174
145 215
145 220
145 226
145 237
145 247
145 249
145 252
145 256
145 261
145 273
145 290
145 294
145 297
145 299
145 300
145 314
145 324
145 338
145 341
145 350
145 362
145 402
145 422
145 425
145 431
145 439
145 441
145 445
145 453
145 466
145 481
145 489
146 151
146 174
146 175
146 177
146 189
146 190
146 193
146 197
146 203
146 209
146 240
146 242
146 247
146 255
146 260
146 274
146 278
146 280
146 287
146 291
146 312
146 315
146 330
146 341
146 349
146 352
146 353
146 354
146 363
146 385
146 388
146 396
146 402
146 403
146 424
146 445
146 447
146 452
146 455
146 482
146 490
146 494
146 495
146 499
147 164
147 172
147 181
147 223
147 233
147 241
147 248
147 255
147 256
147 268
147 276
147 281
147 299
147 327
147 338
147 352
147 357
147 364
147 368
147 380
147 381
147 382
147 383
147 414
147 432
147 438
147 472
148 150
148 157
148 163
148 167
148 169
148 173
148 176
148 185
148 191
148 196
148 199
148 205
148 206
148 213
148 237
148 238
148 265
148 266
148 291
148 298
148 304
148 323
148 332
148 333
148 341
148 342
148 343
148 348
148 352
148 362
148 371
148 374
148 375
148 385
148 388
148 391
148 414
148 424
148 447
148 452
148 453
148 454
148 456
148 461
148 467
148 478
148 480
148 495
149 158
149 180
149 182
149 185
149 188
149 230
149 235
149 239
149 243
149 250
149 251
149 254
149 261
149 278
149 279
149 285
149 296
149 297
149 310
149 324
149 325
149 328
149 336
149 338
149 364
149 370
149 371
149 372
149 373
149 381
149 388
149 406
149 413
149 424
149 426
149 443
149 459
149 464
149 499
150 173
150 188
150 206
150 209
150 221
150 222
150 254
150 274
150 279
150 282
150 302
150 313
150 322
150 334
150 346
150 353
150 365
150 372
150 378
150 401
150 402
150 404
150 414
150 448
150 449
150 491
150 499
151 161
151 163
151 166
151 168
151 180
151 187
151 189
151 216
151 220
151 222
151 236
151 261
151 265
151 266
151 277
151 294
151 301
151 310
151 323
151 330
151 334
151 335
151 342
151 354
151 366
151 367
151 369
151 393
151 402
151 403
151 408
151 409
151 417
151 418
151 440
151 485
152 158
152 166
152 202
152 208
152 220
152 243
152 246
152 256
152 265
152 281
152 287
152 298
152 303
152 313
152 330
152 363
152 365
152 368
152 372
152 393
152 394
152 405
152 409
152 416
152 430
152 448
152 449
152 460
152 464
152 477
153 156
153 207
153 221
153 238
153 255
153 258
153 276
153 280
153 283
153 291
153 297
153 302
153 316
153 338
153 355
153 362
153 367
153 375
153 377
153 378
153 389
153 394
153 399
153 400
153 403
153 405
153 425
153 438
153 447
153 450
153 451
153 456
153 465
153 467
153 480
153 487
153 489
154 157
154 158
154 188
154 196
154 197
154 199
154 207
154 209
154 214
154 223
154 224
154 242
154 243
154 249
154 250
154 253
154 272
154 280
154 283
154 293
154 299
154 300
154 302
154 313
154 315
154 325
154 327
154 331
154 333
154 337
154 340
154 342
154 364
154 381
154 392
154 396
154 407
154 412
154 413
154 424
154 428
154 430
154 450
154 452
154 457
154 479
154 484
154 496
155 167
155 179
155 180
155 189
155 193
155 209
155 210
155 211
155 214
155 218
155 230
155 241
155 242
155 244
155 264
155 266
155 268
155 280
155 285
155 288
155 299
155 303
155 311
155 314
155 318
155 324
155 325
155 331
155 334
155 344
155 346
155 347
155 380
155 382
155 383
155 389
155 398
155 412
155 417
155 429
155 439
155 443
155 445
155 451
155 469
155 472
155 481
155 489
155 496
156 167
156 189
156 200
156 209
156 230
156 256
156 257
156 268
156 280
156 292
156 305
156 332
156 340
156 349
156 352
156 355
156 366
156 376
156 379
156 386
156 387
156 388
156 393
156 418
156 428
156 429
156 440
156 455
156 457
156 458
156 459
156 484
156 494
157 159
157 162
157 177
157 179
157 186
157 197
157 225
157 230
157 236
157 249
157 267
157 268
157 269
157 283
157 301
157 310
157 321
157 329
157 330
157 332
157 338
157 345
157 349
157 358
157 382
157 391
157 398
157 403
157 412
157 426
157 430
157 431
157 436
157 451
157 452
157 462
157 465
157 470
157 478
157 479
158 161
158 168
158 174
158 197
158 208
158 215
158 231
158 242
158 264
158 265
158 278
158 280
158 304
158 319
158 320
158 324
158 369
158 370
158 392
158 395
158 398
158 405
158 439
158 462
158 469
158 497
158 498
159 170
159 171
159 175
159 183
159 212
159 221
159 226
159 238
159 246
159 247
159 261
159 264
159 271
159 273
159 274
159 280
159 304
159 325
159 350
159 357
159 377
159 378
159 389
159 409
159 439
159 449
159 461
159 487
159 491
159 494
160 182
160 218
160 229
160 231
160 233
160 235
160 237
160 243
160 253
160 270
160 279
160 281
160 301
160 310
160 325
160 333
160 358
160 364
160 369
160 370
160 380
160 391
160 392
160 395
160 398
160 405
160 412
160 428
160 429
160 430
160 438
160 441
160 449
160 453
160 455
160 457
160 467
160 497
161 163
161 164
161 187
161 195
161 200
161 221
161 240
161 247
161 251
161 262
161 273
161 278
161 291
161 295
161 301
161 307
161 311
161 329
161 331
161 337
161 340
161 342
161 345
161 349
161 392
161 396
161 422
161 437
161 450
161 459
161 461
161 475
161 476
161 484
162 194
162 197
162 202
162 207
162 219
162 221
162 236
162 257
162 260
162 281
162 286
162 289
162 297
162 298
162 327
162 337
162 346
162 355
162 365
162 367
162 373
162 403
162 408
162 410
162 413
162 421
162 425
162 463
162 487
163 182
163 207
163 214
163 217
163 218
163 221
163 242
163 246
163 250
163 295
163 303
163 304
163 315
163 339
163 343
163 344
163 347
163 349
163 350
163 372
163 373
163 375
163 395
163 405
163 408
163 418
163 441
163 442
163 484
163 485
163 491
164 169
164 171
164 185
164 201
164 207
164 214
164 218
164 220
164 224
164 263
164 269
164 270
164 272
164 284
164 323
164 324
164 374
164 376
164 401
164 402
164 408
164 409
164 410
164 418
164 427
164 428
164 429
164 440
164 445
164 455
164 459
164 481
164 484
164 492
164 497
165 166
165 167
165 173
165 181
165 208
165 224
165 227
165 235
165 240
165 244
165 249
165 257
165 261
165 296
165 310
165 320
165 324
165 327
165 333
165 350
165 352
165 380
165 393
165 402
165 413
165 415
165 426
165 435
165 438
165 441
165 448
165 452
165 453
165 454
165 463
165 469
165 488
166 215
166 217
166 227
166 228
166 254
166 286
166 313
166 318
166 337
166 350
166 355
166 363
166 374
166 376
166 383
166 403
166 412
166 426
166 431
166 435
166 447
166 451
166 452
166 458
166 462
166 466
166 490
166 499
167 171
167 174
167 206
167 237
167 264
167 276
167 287
167 295
167 307
167 330
167 336
167 337
167 367
167 374
167 403
167 425
167 426
167 432
167 439
167 454
167 457
167 467
167 476
167 493
168 174
168 182
168 208
168 222
168 224
168 225
168 237
168 238
168 246
168 249
168 251
168 253
168 260
168 264
168 266
168 272
168 274
168 280
168 301
168 306
168 307
168 316
168 323
168 334
168 360
168 363
168 367
168 370
168 379
168 383
168 394
168 406
168 414
168 433
168 435
168 445
168 452
168 469
168 483
169 183
169 193
169 194
169 198
169 200
169 204
169 207
169 225
169 228
169 229
169 241
169 278
169 289
169 304
169 307
169 312
169 316
169 331
169 343
169 346
169 349
169 356
169 358
169 360
169 362
169 367
169 371
169 376
169 389
169 403
169 408
169 414
169 417
169 433
169 443
169 455
169 458
169 470
169 473
169 479
169 485
169 497
170 173
170 203
170 210
170 229
170 234
170 245
170 251
170 288
170 290
170 321
170 328
170 333
170 374
170 376
170 396
170 398
170 402
170 415
170 416
170 426
170 439
170 465
170 466
170 467
170 468
170 472
170 479
170 485
170 494
171 185
171 187
171 189
171 191
171 198
171 200
171 223
171 243
171 253
171 258
171 261
171 265
171 289
171 296
171 302
171 339
171 346
171 352
171 358
171 361
171 366
171 369
171 391
171 419
171 451
171 484
172 180
172 208
172 210
172 239
172 240
172 268
172 272
172 299
172 303
172 319
172 320
172 323
172 325
172 327
172 336
172 378
172 382
172 393
172 394
172 395
172 406
172 407
172 417
172 433
172 483
172 492
172 500
173 174
173 204
173 206
173 211
173 213
173 214
173 232
173 250
173 254
173 264
173 274
173 282
173 293
173 324
173 327
173 333
173 338
173 343
173 351
173 370
173 377
173 380
173 383
173 402
173 403
173 404
173 408
173 421
173 425
173 431
173 440
173 456
173 465
173 482
173 483
173 498
174 186
174 202
174 204
174 210
174 231
174 236
174 241
174 246
174 265
174 299
174 302
174 318
174 319
174 327
174 334
174 348
174 360
174 368
174 375
174 379
174 407
174 414
174 419
174 425
174 434
174 440
174 442
174 453
174 458
174 461
174 464
174 468
174 476
174 488
174 492
174 499
175 176
175 183
175 217
175 250
175 278
175 286
175 314
175 334
175 336
175 338
175 349
175 359
175 373
175 375
175 384
175 386
175 398
175 408
175 412
175 434
175 436
175 443
175 455
175 487
175 490
175 495
175 499
176 177
176 178
176 182
176 184
176 194
176 200
176 211
176 229
176 231
176 233
176 234
176 235
176 257
176 258
176 264
176 278
176 282
176 294
176 296
176 321
176 334
176 349
176 362
176 367
176 392
176 404
176 419
176 456
176 462
176 479
176 486
176 488
177 183
177 194
177 226
177 236
177 238
177 240
177 245
177 253
177 264
177 266
177 269
177 278
177 289
177 291
177 303
177 310
177 330
177 334
177 392
177 402
177 405
177 414
177 438
177 450
177 475
177 485
177 491
178 194
178 204
178 214
178 237
178 238
178 239
178 253
178 257
178 263
178 301
178 303
178 305
178 316
178 324
178 329
178 331
178 357
178 359
178 365
178 371
178 382
178 385
178 387
178 413
178 432
178 453
178 469
178 480
178 481
178 485
178 490
179 180
179 184
179 201
179 213
179 216
179 219
179 228
179 240
179 250
179 253
179 255
179 268
179 271
179 281
179 289
179 319
179 324
179 328
179 334
179 351
179 383
179 384
179 402
179 422
179 434
179 440
179 441
179 463
179 482
179 488
180 197
180 210
180 220
180 236
180 242
180 252
180 271
180 278
180 285
180 319
180 320
180 324
180 347
180 379
180 401
180 407
180 417
180 424
180 428
180 430
180 431
180 438
180 439
180 445
180 446
180 453
180 462
180 483
180 490
180 493
180 494
180 495
181 200
181 246
181 248
181 274
181 296
181 298
181 305
181 335
181 338
181 339
181 343
181 351
181 353
181 362
181 369
181 378
181 389
181 395
181 410
181 418
181 435
181 449
181 451
181 463
181 471
181 475
181 477
181 484
181 498
182 187
182 198
182 205
182 207
182 220
182 241
182 247
182 258
182 260
182 265
182 279
182 285
182 299
182 303
182 310
182 314
182 345
182 375
182 377
182 379
182 386
182 400
182 403
182 406
182 415
182 417
182 426
182 434
182 439
182 440
182 441
182 447
182 455
182 457
182 463
182 488
183 185
183 197
183 206
183 227
183 250
183 261
183 268
183 271
183 278
183 279
183 281
183 292
183 298
183 318
183 327
183 331
183 336
183 337
183 350
183 352
183 378
183 379
183 384
183 388
183 420
183 429
183 445
183 462
183 468
183 482
183 484
183 492
184 195
184 209
184 210
184 222
184 241
184 262
184 272
184 273
184 277
184 292
184 294
184 311
184 314
184 323
184 331
184 338
184 357
184 376
184 390
184 394
184 398
184 412
184 418
184 449
184 470
184 487
184 491
184 497
185 194
185 195
185 213
185 216
185 222
185 223
185 225
185 229
185 232
185 234
185 240
185 244
185 248
185 259
185 278
185 283
185 303
185 309
185 315
185 328
185 335
185 348
185 351
185 397
185 423
185 424
185 426
185 427
185 439
185 446
185 453
185 456
185 457
185 477
186 194
186 203
186 205
186 216
186 217
186 219
186 236
186 247
186 264
186 266
186 276
186 307
186 311
186 327
186 329
186 334
186 344
186 348
186 351
186 357
186 368
186 392
186 405
186 413
186 414
186 415
186 417
186 435
186 444
186 469
186 486
187 189
187 203
187 219
187 232
187 240
187 246
187 259
187 272
187 278
187 284
187 287
187 291
187 296
187 334
187 336
187 357
187 366
187 369
187 371
187 391
187 396
187 402
187 413
187 415
187 419
187 424
187 433
187 437
187 443
187 446
187 471
187 476
187 498
188 191
188 194
188 198
188 213
188 229
188 231
188 234
188 241
188 247
188 254
188 264
188 267
188 269
188 270
188 286
188 316
188 319
188 322
188 334
188 338
188 364
188 380
188 402
188 420
188 436
188 437
188 441
188 446
188 482
188 499
189 190
189 192
189 203
189 207
189 209
189 212
189 218
189 227
189 234
189 237
189 238
189 248
189 251
189 269
189 316
189 326
189 347
189 359
189 369
189 373
189 383
189 398
189 407
189 411
189 423
189 425
189 446
189 447
189 456
189 469
189 472
189 487
189 488
190 223
190 251
190 268
190 269
190 272
190 276
190 277
190 278
190 285
190 301
190 302
190 309
190 314
190 316
190 325
190 339
190 347
190 359
190 366
190 372
190 377
190 380
190 385
190 391
190 403
190 413
190 431
190 448
190 458
190 460
190 464
190 470
190 472
190 479
190 486
190 487
191 196
191 234
191 241
191 243
191 245
191 252
191 267
191 291
191 296
191 305
191 308
191 311
191 315
191 325
191 328
191 329
191 330
191 331
191 335
191 341
191 344
191 351
191 353
191 373
191 383
191 387
191 407
191 410
191 415
191 419
191 420
191 433
191 436
191 443
191 445
191 446
191 451
191 453
191 464
191 467
191 475
191 481
191 482
191 488
191 491
191 498
192 205
192 207
192 212
192 215
192 223
192 240
192 259
192 263
192 271
192 274
192 275
192 276
192 294
192 295
192 302
192 310
192 320
192 331
192 332
192 336
192 346
192 350
192 369
192 376
192 383
192 387
192 389
192 414
192 427
192 435
192 442
192 450
192 454
192 467
192 485
192 490
192 497
192 498
192 500
193 199
193 210
193 216
193 222
193 231
193 234
193 244
193 251
193 255
193 258
193 274
193 280
193 281
193 295
193 319
193 350
193 354
193 365
193 368
193 369
193 372
193 374
193 377
193 379
193 390
193 398
193 400
193 433
193 435
193 447
193 459
193 464
193 473
193 484
193 493
193 497
194 202
194 207
194 222
194 234
194 235
194 256
194 265
194 267
194 278
194 286
194 293
194 299
194 331
194 332
194 368
194 371
194 389
194 395
194 416
194 433
194 440
194 455
194 460
194 478
194 488
195 203
195 208
195 212
195 213
195 220
195 222
195 266
195 291
195 313
195 314
195 326
195 337
195 338
195 339
195 341
195 351
195 352
195 367
195 372
195 384
195 391
195 421
195 432
195 438
195 444
195 454
195 460
195 463
195 474
195 478
195 492
196 207
196 208
196 210
196 212
196 213
196 219
196 228
196 231
196 233
196 240
196 242
196 244
196 248
196 252
196 271
196 278
196 293
196 303
196 309
196 318
196 322
196 324
196 334
196 337
196 348
196 350
196 353
196 375
196 382
196 393
196 414
196 416
196 417
196 420
196 427
196 443
196 457
196 464
196 483
196 491
196 493
196 500
197 201
197 211
197 216
197 225
197 229
197 244
197 251
197 259
197 263
197 265
197 281
197 289
197 297
197 303
197 309
197 337
197 348
197 351
197 353
197 355
197 368
197 408
197 411
197 416
197 421
197 427
197 429
197 445
197 446
197 447
197 458
197 479
198 202
198 217
198 221
198 288
198 296
198 298
198 299
198 321
198 340
198 342
198 357
198 367
198 377
198 394
198 411
198 425
198 429
198 452
198 454
198 457
198 464
198 466
198 474
198 494
198 497
198 498
199 221
199 223
199 239
199 243
199 247
199 257
199 278
199 284
199 287
199 292
199 312
199 337
199 358
199 372
199 374
199 381
199 390
199 407
199 413
199 422
199 429
199 434
199 450
199 452
199 458
199 460
199 463
199 475
199 483
199 487
199 498
200 242
200 244
200 260
200 262
200 263
200 288
200 300
200 303
200 305
200 311
200 315
200 328
200 355
200 366
200 385
200 391
200 401
200 425
200 429
200 437
200 444
200 450
200 460
200 474
200 476
200 483
200 491
200 494
201 202
201 219
201 230
201 233
201 261
201 282
201 285
201 288
201 290
201 306
201 314
201 321
201 327
201 335
201 353
201 360
201 370
201 373
201 374
201 386
201 406
201 418
201 444
201 448
201 449
201 469
201 481
201 482
201 488
201 494
202 210
202 212
202 221
202 223
202 229
202 232
202 242
202 250
202 256
202 260
202 263
202 265
202 275
202 279
202 288
202 292
202 312
202 321
202 340
202 345
202 348
202 350
202 354
202 373
202 400
202 401
202 409
202 416
202 421
202 431
202 437
202 448
202 456
202 458
202 480
202 487
202 493
203 211
203 241
203 242
203 245
203 248
203 253
203 264
203 270
203 299
203 307
203 314
203 321
203 340
203 349
203 351
203 362
203 404
203 411
203 447
203 455
203 479
203 481
204 206
204 242
204 248
204 258
204 277
204 279
204 280
204 321
204 324
204 339
204 363
204 375
204 458
204 486
204 487
204 490
204 496
205 219
205 226
205 234
205 244
205 250
205 251
205 272
205 276
205 287
205 294
205 311
205 315
205 322
205 343
205 345
205 352
205 353
205 383
205 386
205 388
205 389
205 433
205 438
205 440
205 443
205 452
205 457
205 467
205 471
205 472
205 481
205 489
206 208
206 245
206 266
206 267
206 278
206 282
206 287
206 292
206 301
206 305
206 309
206 317
206 338
206 340
206 341
206 346
206 354
206 374
206 394
206 395
206 398
206 406
206 408
206 415
206 417
206 428
206 448
206 456
206 469
206 470
206 475
206 479
206 480
206 487
206 492
207 221
207 230
207 266
207 272
207 300
207 308
207 309
207 320
207 323
207 335
207 336
207 337
207 342
207 360
207 379
207 385
207 399
207 401
207 419
207 421
207 433
207 442
207 448
207 459
207 460
207 463
207 477
207 494
207 496
208 227
208 229
208 252
208 283
208 293
208 299
208 315
208 326
208 328
208 329
208 332
208 347
208 349
208 358
208 364
208 373
208 387
208 394
208 395
208 397
208 416
208 422
208 447
208 450
208 463
208 466
208 475
208 483
208 488
208 489
208 493
208 499
209 213
209 214
209 220
209 226
209 236
209 244
209 256
209 258
209 269
209 275
209 285
209 294
209 303
209 308
209 312
209 313
209 316
209 325
209 337
209 341
209 346
209 347
209 349
209 355
209 393
209 394
209 395
209 402
209 410
209 411
209 424
209 432
209 437
209 446
209 463
209 465
209 468
209 469
209 471
209 479
209 484
210 211
210 212
210 225
210 239
210 249
210 256
210 262
210 267
210 268
210 274
210 278
210 286
210 287
210 300
210 301
210 304
210 305
210 313
210 318
210 320
210 322
210 329
210 333
210 334
210 338
210 352
210 359
210 364
210 389
210 391
210 426
210 429
210 433
210 440
210 444
210 449
210 454
210 478
210 480
211 219
211 235
211 238
211 242
211 264
211 276
211 296
211 341
211 348
211 354
211 356
211 364
211 384
211 407
211 432
211 434
211 439
211 442
211 456
211 469
211 473
211 480
212 229
212 237
212 240
212 272
212 273
212 295
212 304
212 306
212 310
212 319
212 329
212 330
212 358
212 363
212 364
212 378
212 379
212 381
212 405
212 407
212 422
212 437
212 438
212 445
212 449
212 469
212 474
212 484
212 495
213 215
213 217
213 228
213 235
213 241
213 254
213 257
213 271
213 280
213 283
213 287
213 291
213 302
213 304
213 310
213 326
213 341
213 349
213 352
213 353
213 365
213 370
213 377
213 378
213 379
213 391
213 398
213 423
213 440
213 445
213 462
213 463
213 466
213 471
213 480
213 481
213 493
214 224
214 241
214 272
214 280
214 293
214 310
214 322
214 324
214 327
214 332
214 340
214 359
214 365
214 376
214 394
214 397
214 400
214 415
214 433
214 440
214 448
214 456
214 475
215 223
215 229
215 230
215 243
215 257
215 259
215 263
215 276
215 279
215 286
215 289
215 298
215 315
215 320
215 333
215 352
215 375
215 382
215 387
215 399
215 416
215 423
215 433
215 466
215 479
215 485
216 239
216 254
216 263
216 288
216 303
216 306
216 308
216 309
216 332
216 337
216 338
216 352
216 357
216 358
216 360
216 370
216 384
216 390
216 393
216 417
216 429
216 436
216 438
216 444
216 491
217 224
217 225
217 226
217 230
217 238
217 250
217 264
217 265
217 273
217 280
217 310
217 313
217 314
217 321
217 332
217 333
217 337
217 339
217 342
217 361
217 437
217 451
217 455
217 460
217 465
217 467
217 475
217 492
217 497
218 223
218 229
218 251
218 272
218 275
218 302
218 319
218 336
218 340
218 350
218 365
218 367
218 368
218 369
218 381
218 382
218 384
218 385
218 386
218 387
218 388
218 416
218 420
218 422
218 424
218 432
218 443
218 468
218 472
218 489
218 496
218 500
219 232
219 236
219 248
219 264
219 269
219 276
219 293
219 306
219 315
219 318
219 326
219 376
219 380
219 436
219 442
219 443
219 462
219 467
219 479
219 481
219 488
219 489
219 491
219 499
220 221
220 222
220 247
220 253
220 262
220 269
220 271
220 285
220 305
220 319
220 328
220 340
220 372
220 374
220 377
220 393
220 395
220 396
220 409
220 410
220 423
220 458
220 464
220 465
220 474
221 233
221 247
221 252
221 257
221 279
221 314
221 315
221 317
221 321
221 325
221 329
221 342
221 376
221 390
221 398
221 403
221 405
221 421
221 446
221 467
221 484
222 223
222 236
222 244
222 246
222 263
222 268
222 276
222 278
222 281
222 297
222 303
222 307
222 308
222 321
222 361
222 372
222 386
222 393
222 409
222 426
222 448
222 494
223 225
223 233
223 236
223 250
223 255
223 277
223 278
223 289
223 303
223 306
223 316
223 338
223 345
223 350
223 360
223 369
223 392
223 398
223 409
223 422
223 443
223 445
223 447
223 448
223 484
223 492
224 226
224 238
224 254
224 258
224 280
224 293
224 295
224 300
224 302
224 317
224 324
224 328
224 339
224 352
224 362
224 363
224 375
224 376
224 384
224 389
224 391
224 397
224 401
224 409
224 410
224 413
224 414
224 416
224 417
224 418
224 436
224 438
224 457
224 462
224 475
224 479
224 480
224 483
224 485
225 232
225 250
225 273
225 283
225 294
225 296
225 314
225 321
225 342
225 360
225 376
225 396
225 416
225 418
225 427
225 428
225 430
225 433
225 449
225 458
225 485
225 489
226 245
226 253
226 267
226 289
226 297
226 312
226 321
226 333
226 337
226 341
226 349
226 368
226 376
226 397
226 401
226 411
226 413
226 425
226 436
226 449
226 461
226 471
226 492
226 493
227 231
227 233
227 249
227 267
227 268
227 274
227 277
227 281
227 286
227 290
227 326
227 331
227 343
227 369
227 377
227 379
227 385
227 394
227 398
227 411
227 412
227 413
227 423
227 429
227 431
227 438
227 440
227 456
227 466
227 477
227 489
227 497
228 258
228 273
228 299
228 345
228 350
228 397
228 398
228 400
228 406
228 410
228 422
228 429
228 452
228 469
228 474
228 485
228 490
229 236
229 255
229 257
229 265
229 266
229 280
229 302
229 334
229 343
229 383
229 396
229 415
229 417
229 418
229 441
229 444
229 464
229 472
229 484
229 488
229 491
230 231
230 259
230 261
230 270
230 272
230 290
230 296
230 300
230 310
230 315
230 316
230 332
230 339
230 342
230 343
230 349
230 354
230 386
230 390
230 391
230 392
230 401
230 405
230 407
230 430
230 435
230 436
230 438
230 440
230 461
230 467
230 497
231 243
231 245
231 270
231 279
231 289
231 300
231 301
231 304
231 308
231 310
231 319
231 328
231 332
231 339
231 345
231 347
231 350
231 355
231 369
231 406
231 415
231 426
231 438
231 450
231 476
231 478
231 488
231 492
232 252
232 271
232 282
232 287
232 290
232 310
232 315
232 326
232 339
232 342
232 344
232 351
232 387
232 411
232 412
232 451
232 453
232 466
232 471
232 472
232 480
232 481
232 483
232 491
233 237
233 240
233 241
233 248
233 249
233 263
233 274
233 275
233 302
233 312
233 318
233 326
233 332
233 333
233 336
233 342
233 355
233 370
233 373
233 377
233 380
233 417
233 428
233 442
233 470
233 473
233 476
233 486
233 491
233 497
234 240
234 243
234 247
234 253
234 275
234 277
234 278
234 290
234 311
234 317
234 336
234 352
234 355
234 359
234 361
234 364
234 374
234 385
234 398
234 399
234 423
234 430
234 450
234 464
234 475
234 484
234 485
234 491
235 254
235 257
235 260
235 265
235 268
235 285
235 304
235 306
235 310
235 312
235 318
235 335
235 374
235 382
235 387
235 390
235 391
235 434
235 448
235 481
235 491
236 247
236 259
236 270
236 282
236 306
236 319
236 328
236 343
236 344
236 356
236 357
236 377
236 378
236 386
236 394
236 399
236 413
236 415
236 422
236 430
236 439
236 451
236 464
236 470
236 482
236 483
237 264
237 271
237 276
237 277
237 299
237 316
237 331
237 333
237 335
237 398
237 431
237 436
237 448
237 462
237 463
237 470
237 475
237 492
237 497
237 500
238 252
238 260
238 264
238 271
238 272
238 273
238 275
238 276
238 278
238 281
238 291
238 295
238 296
238 353
238 375
238 383
238 387
238 439
238 449
238 454
238 465
238 468
238 474
238 482
238 490
238 495
238 499
239 240
239 243
239 250
239 256
239 266
239 291
239 296
239 306
239 347
239 350
239 351
239 374
239 382
239 409
239 410
239 418
239 425
239 437
239 440
239 443
239 452
239 457
239 462
239 463
239 468
239 488
239 500
240 246
240 252
240 262
240 263
240 273
240 284
240 287
240 289
240 297
240 303
240 306
240 344
240 353
240 369
240 378
240 385
240 390
240 402
240 404
240 409
240 417
240 425
240 451
240 482
241 253
241 264
241 268
241 273
241 276
241 281
241 286
241 302
241 324
241 347
241 349
241 361
241 372
241 380
241 398
241 405
241 408
241 431
241 435
241 441
241 448
241 458
241 480
241 492
242 252
242 258
242 259
242 265
242 268
242 297
242 299
242 306
242 314
242 325
242 348
242 353
242 386
242 393
242 395
242 404
242 419
242 421
242 459
242 462
242 470
242 472
242 482
242 484
242 496
242 499
243 249
243 256
243 257
243 293
243 305
243 327
243 333
243 339
243 345
243 359
243 364
243 373
243 375
243 389
243 391
243 392
243 411
243 420
243 431
243 435
243 451
243 464
243 470
244 262
244 269
244 292
244 315
244 319
244 323
244 334
244 335
244 336
244 341
244 343
244 344
244 357
244 358
244 369
244 381
244 388
244 392
244 411
244 417
244 424
244 432
244 447
244 452
244 456
244 470
244 472
245 267
245 276
245 277
245 280
245 283
245 295
245 297
245 300
245 324
245 331
245 347
245 349
245 361
245 379
245 386
245 410
245 419
245 420
245 427
245 432
245 458
245 467
246 247
246 250
246 253
246 267
246 284
246 291
246 308
246 327
246 343
246 353
246 362
246 374
246 381
246 403
246 405
246 407
246 411
246 416
246 417
246 431
246 432
246 434
246 442
246 448
246 478
246 485
246 498
247 249
247 268
247 272
247 280
247 293
247 298
247 302
247 315
247 327
247 333
247 351
247 367
247 394
247 397
247 405
247 427
247 433
247 448
247 451
247 454
247 459
247 460
247 467
247 475
247 477
248 286
248 291
248 303
248 316
248 345
248 349
248 373
248 381
248 403
248 406
248 407
248 410
248 415
248 417
248 420
248 421
248 439
248 457
248 462
248 480
248 484
248 488
248 492
249 250
249 251
249 264
249 268
249 270
249 277
249 299
249 301
249 321
249 332
249 337
249 342
249 353
249 367
249 373
249 393
249 399
249 406
249 416
249 435
249 436
249 441
249 442
249 449
249 454
249 456
249 463
249 492
249 495
250 283
250 298
250 307
250 321
250 327
250 367
250 370
250 373
250 392
250 394
250 412
250 417
250 429
250 433
250 440
250 446
250 449
250 460
250 469
250 479
251 260
251 261
251 262
251 264
251 266
251 269
251 273
251 282
251 291
251 292
251 296
251 319
251 323
251 351
251 362
251 380
251 382
251 394
251 417
251 418
251 431
251 438
251 439
251 461
251 492
252 260
252 269
252 275
252 278
252 281
252 297
252 308
252 340
252 341
252 345
252 372
252 391
252 396
252 408
252 415
252 423
252 427
252 431
252 434
252 447
252 468
252 472
252 476
252 484
252 494
253 260
253 264
253 267
253 281
253 289
253 304
253 321
253 343
253 349
253 357
253 366
253 368
253 383
253 395
253 399
253 401
253 408
253 410
253 437
253 446
253 459
253 461
253 492
253 496
254 255
254 256
254 265
254 273
254 275
254 281
254 300
254 306
254 310
254 322
254 325
254 335
254 344
254 349
254 354
254 358
254 382
254 401
254 406
254 409
254 418
254 421
254 435
254 441
254 448
254 454
254 455
254 457
254 469
254 484
254 485
254 495
255 262
255 268
255 274
255 296
255 299
255 314
255 322
255 323
255 332
255 339
255 379
255 388
255 423
255 426
255 436
255 442
255 443
255 444
255 446
255 452
256 284
256 291
256 301
256 313
256 318
256 328
256 329
256 347
256 353
256 362
256 373
256 392
256 410
256 419
256 420
256 435
256 436
256 437
256 471
256 484
256 485
256 487
256 489
256 497
257 282
257 288
257 296
257 313
257 318
257 335
257 345
257 361
257 382
257 395
257 403
257 415
257 416
257 427
257 429
257 432
257 460
257 464
257 467
257 494
258 274
258 282
258 286
258 288
258 289
258 294
258 296
258 301
258 321
258 329
258 341
258 357
258 358
258 368
258 373
258 411
258 416
258 419
258 421
258 470
258 471
258 480
258 493
258 494
259 265
259 268
259 272
259 295
259 296
259 319
259 326
259 327
259 329
259 357
259 360
259 364
259 374
259 385
259 388
259 408
259 426
259 428
259 437
259 440
259 465
259 468
259 470
259 476
259 487
260 262
260 268
260 269
260 279
260 281
260 302
260 305
260 310
260 329
260 338
260 339
260 347
260 352
260 353
260 368
260 370
260 375
260 385
260 391
260 399
260 404
260 429
260 433
260 436
260 438
260 439
260 457
260 467
260 489
261 268
261 273
261 279
261 284
261 286
261 312
261 314
261 338
261 344
261 359
261 364
261 386
261 391
261 395
261 409
261 422
261 427
261 434
261 447
261 448
261 455
261 474
261 475
261 481
261 485
261 489
262 282
262 288
262 289
262 291
262 306
262 317
262 338
262 344
262 347
262 359
262 366
262 370
262 379
262 384
262 397
262 410
262 414
262 420
262 433
262 436
262 443
262 461
262 462
262 493
262 500
263 266
263 294
263 297
263 342
263 344
263 352
263 356
263 366
263 372
263 375
263 377
263 379
263 395
263 401
263 403
263 404
263 424
263 426
263 448
263 459
263 472
264 269
264 271
264 272
264 277
264 287
264 298
264 299
264 305
264 307
264 314
264 319
264 330
264 347
264 356
264 366
264 368
264 372
264 373
264 446
264 479
264 486
264 497
265 269
265 274
265 295
265 304
265 316
265 328
265 330
265 332
265 354
265 377
265 389
265 395
265 409
265 411
265 429
265 430
265 435
265 442
265 453
265 457
265 490
266 269
266 271
266 285
266 286
266 302
266 305
266 313
266 355
266 356
266 357
266 361
266 364
266 409
266 444
266 446
266 454
266 463
266 464
266 465
266 467
266 469
266 470
266 474
266 478
266 480
266 487
266 493
266 496
266 497
266 499
267 268
267 269
267 270
267 279
267 285
267 337
267 339
267 341
267 351
267 359
267 365
267 367
267 369
267 385
267 388
267 389
267 399
267 414
267 417
267 418
267 430
267 434
267 469
267 483
267 484
267 487
267 490
268 270
268 298
268 301
268 306
268 325
268 329
268 339
268 342
268 343
268 388
268 398
268 419
268 422
268 426
268 427
268 435
268 443
268 448
268 459
268 461
268 474
268 476
268 477
268 497
269 287
269 301
269 306
269 318
269 320
269 330
269 335
269 378
269 405
269 431
269 432
269 441
269 450
269 454
269 457
269 461
269 464
269 466
269 475
269 481
269 489
269 495
269 496
270 286
270 300
270 313
270 317
270 320
270 332
270 365
270 367
270 387
270 393
270 394
270 398
270 410
270 411
270 422
270 424
270 427
270 438
270 444
270 449
270 463
270 470
270 493
270 498
270 499
271 273
271 281
271 282
271 292
271 301
271 303
271 304
271 307
271 313
271 315
271 337
271 352
271 376
271 382
271 420
271 424
271 429
271 431
271 461
271 473
271 474
271 478
271 482
271 486
271 492
272 274
272 281
272 298
272 315
272 322
272 328
272 329
272 336
272 338
272 346
272 347
272 353
272 360
272 381
272 388
272 402
272 439
272 444
272 455
272 457
272 459
272 478
273 281
273 286
273 297
273 328
273 333
273 337
273 352
273 358
273 361
273 368
273 369
273 373
273 390
273 392
273 395
273 407
273 427
273 431
273 437
273 456
273 469
273 485
273 489
273 499
274 280
274 289
274 307
274 312
274 317
274 338
274 340
274 357
274 370
274 377
274 379
274 393
274 400
274 425
274 449
274 453
274 458
274 459
274 473
274 482
274 496
275 286
275 292
275 293
275 304
275 305
275 309
275 312
275 321
275 326
275 342
275 346
275 355
275 356
275 362
275 368
275 397
275 422
275 426
275 430
275 433
275 460
275 466
276 300
276 340
276 362
276 374
276 389
276 394
276 396
276 418
276 437
276 447
276 450
276 461
276 465
276 490
276 493
276 494
277 294
277 300
277 324
277 326
277 343
277 394
277 411
277 413
277 416
277 419
277 427
277 429
277 436
277 437
277 452
277 462
277 494
278 299
278 313
278 328
278 343
278 360
278 363
278 367
278 378
278 383
278 388
278 391
278 401
278 412
278 418
278 423
278 449
278 450
278 458
278 461
278 490
278 497
278 500
279 292
279 305
279 307
279 324
279 329
279 336
279 337
279 341
279 352
279 366
279 373
279 390
279 394
279 395
279 411
279 415
279 437
279 448
279 449
279 454
279 459
279 462
279 477
279 480
279 482
279 491
280 296
280 326
280 331
280 352
280 354
280 355
280 365
280 376
280 382
280 390
280 397
280 437
280 440
280 449
280 455
280 479
280 482
280 496
280 497
281 289
281 299
281 303
281 350
281 355
281 356
281 388
281 390
281 393
281 396
281 399
281 400
281 425
281 431
281 441
281 443
281 444
281 450
281 457
281 468
281 473
281 477
281 484
281 485
281 497
281 498
282 285
282 299
282 300
282 312
282 314
282 318
282 321
282 375
282 386
282 407
282 419
282 424
282 426
282 429
282 430
282 436
282 441
282 450
282 451
282 455
282 462
282 471
282 483
283 287
283 295
283 307
283 311
283 326
283 330
283 346
283 354
283 358
283 366
283 372
283 374
283 398
283 402
283 403
283 405
283 416
283 424
283 425
283 445
283 451
283 452
283 458
283 460
283 474
283 478
283 494
284 291
284 295
284 300
284 305
284 311
284 314
284 361
284 369
284 379
284 381
284 403
284 439
284 456
284 462
284 465
284 467
284 485
284 493
285 295
285 299
285 300
285 304
285 306
285 322
285 339
285 346
285 353
285 360
285 364
285 366
285 368
285 370
285 379
285 381
285 403
285 414
285 426
285 429
285 430
285 436
285 450
285 461
285 473
285 484
285 486
285 495
285 496
285 497
286 295
286 300
286 302
286 309
286 316
286 321
286 348
286 361
286 365
286 369
286 372
286 380
286 387
286 398
286 447
286 449
286 450
286 452
286 482
286 495
286 498
286 499
287 295
287 300
287 325
287 326
287 350
287 354
287 355
287 362
287 364
287 373
287 379
287 390
287 407
287 424
287 430
287 433
287 452
287 456
287 481
287 492
287 493
288 303
288 307
288 363
288 369
288 385
288 400
288 456
288 476
288 500
289 295
289 317
289 321
289 325
289 329
289 331
289 334
289 343
289 361
289 363
289 374
289 389
289 392
289 394
289 395
289 400
289 404
289 411
289 430
289 451
289 463
289 467
289 468
289 475
290 297
290 308
290 344
290 346
290 353
290 355
290 358
290 374
290 379
290 381
290 389
290 391
290 416
290 419
290 447
290 462
290 488
290 497
291 314
291 317
291 322
291 323
291 331
291 348
291 353
291 360
291 374
291 391
291 396
291 414
291 418
291 419
291 420
291 423
291 428
291 455
291 456
291 469
291 479
291 491
291 492
291 496
292 305
292 314
292 352
292 355
292 367
292 368
292 375
292 386
292 401
292 403
292 412
292 423
292 440
292 462
292 463
292 468
292 480
292 481
292 493
293 312
293 319
293 326
293 338
293 356
293 369
293 371
293 372
293 373
293 378
293 391
293 401
293 413
293 415
293 424
293 429
293 430
293 433
293 434
293 435
293 436
293 440
293 444
293 460
293 465
293 495
294 295
294 297
294 302
294 309
294 318
294 334
294 337
294 363
294 376
294 391
294 458
294 469
294 473
294 475
294 478
294 483
294 485
295 311
295 314
295 327
295 330
295 331
295 345
295 349
295 366
295 374
295 380
295 399
295 408
295 463
295 499
296 300
296 316
296 318
296 332
296 338
296 362
296 387
296 403
296 414
296 417
296 432
296 439
296 443
296 457
296 460
296 461
296 473
296 476
296 490
297 308
297 312
297 335
297 348
297 355
297 368
297 370
297 383
297 390
297 397
297 413
297 416
297 422
297 425
297 429
297 432
297 435
297 436
297 439
297 441
297 480
297 490
297 498
298 319
298 322
298 329
298 349
298 354
298 355
298 358
298 369
298 410
298 419
298 425
298 433
298 447
298 450
298 474
298 480
298 482
298 491
298 492
298 493
299 301
299 309
299 314
299 333
299 335
299 337
299 385
299 396
299 408
299 412
299 444
299 483
300 306
300 314
300 317
300 319
300 321
300 346
300 351
300 352
300 362
300 367
300 373
300 375
300 394
300 401
300 420
300 424
300 475
300 476
300 489
300 493
300 494
300 496
300 497
301 304
301 307
301 317
301 325
301 328
301 349
301 352
301 368
301 373
301 388
301 390
301 396
301 397
301 399
301 404
301 417
301 428
301 443
301 445
301 447
301 450
301 454
301 456
301 462
301 466
301 471
301 483
301 484
302 321
302 327
302 341
302 344
302 358
302 380
302 384
302 399
302 410
302 415
302 417
302 432
302 433
302 441
302 462
302 476
302 479
302 480
303 307
303 335
303 337
303 354
303 383
303 394
303 398
303 401
303 418
303 419
303 424
303 432
303 433
303 442
303 456
303 457
303 474
303 479
303 482
304 321
304 351
304 368
304 379
304 389
304 393
304 395
304 397
304 399
304 401
304 403
304 408
304 466
304 482
304 485
304 489
305 312
305 313
305 316
305 327
305 342
305 351
305 355
305 367
305 370
305 375
305 386
305 387
305 393
305 398
305 401
305 438
305 442
305 468
305 495
305 499
306 311
306 317
306 337
306 339
306 348
306 352
306 371
306 375
306 376
306 381
306 383
306 387
306 389
306 391
306 429
306 431
306 449
306 452
306 463
306 467
306 473
306 474
306 481
307 323
307 350
307 361
307 370
307 387
307 394
307 396
307 401
307 412
307 414
307 427
307 433
307 436
307 442
307 448
307 455
307 463
307 465
307 489
308 327
308 329
308 335
308 370
308 383
308 408
308 415
308 421
308 433
308 434
308 439
308 446
308 449
308 452
308 455
308 460
308 468
308 479
308 482
308 484
308 490
309 315
309 324
309 326
309 341
309 342
309 354
309 356
309 361
309 368
309 378
309 382
309 402
309 412
309 435
309 438
309 440
309 444
309 448
309 459
309 460
309 472
309 473
309 474
309 480
309 481
309 482
309 497
310 323
310 325
310 352
310 359
310 362
310 378
310 393
310 410
310 416
310 422
310 428
310 434
310 448
310 461
310 469
310 470
310 483
310 492
310 494
310 499
310 500
311 315
311 317
311 328
311 344
311 357
311 363
311 364
311 366
311 370
311 371
311 377
311 389
311 390
311 404
311 407
311 419
311 431
311 448
311 461
311 472
311 486
311 491
311 499
312 313
312 335
312 340
312 343
312 351
312 363
312 364
312 368
312 379
312 399
312 420
312 428
312 429
312 446
312 448
312 465
312 470
312 471
312 482
312 485
312 487
312 489
313 323
313 325
313 337
313 349
313 367
313 368
313 372
313 375
313 391
313 398
313 402
313 403
313 409
313 412
313 418
313 422
313 435
313 436
313 459
313 461
313 467
313 476
313 478
314 316
314 322
314 331
314 351
314 352
314 359
314 362
314 364
314 376
314 382
314 387
314 391
314 393
314 407
314 409
314 444
314 455
314 458
314 461
314 469
314 472
314 479
314 482
314 488
315 339
315 345
315 346
315 347
315 361
315 371
315 373
315 375
315 376
315 393
315 400
315 410
315 415
315 417
315 418
315 422
315 441
315 467
315 471
315 473
315 474
315 475
315 476
315 487
315 493
316 317
316 323
316 326
316 335
316 341
316 346
316 353
316 374
316 391
316 410
316 414
316 433
316 441
316 452
316 454
316 460
316 463
316 477
316 490
316 500
317 326
317 329
317 340
317 353
317 369
317 371
317 372
317 404
317 414
317 417
317 422
317 446
317 448
317 470
317 481
317 486
317 491
317 494
318 374
318 381
318 386
318 387
318 401
318 425
318 429
318 445
318 455
318 462
318 486
318 492
318 499
319 323
319 336
319 339
319 358
319 363
319 368
319 388
319 389
319 431
319 437
319 456
319 479
319 495
320 328
320 338
320 363
320 374
320 382
320 389
320 392
320 407
320 412
320 429
320 446
320 452
320 462
320 464
320 467
320 476
320 480
320 488
320 493
321 337
321 343
321 371
321 379
321 387
321 394
321 413
321 423
321 442
321 452
321 487
322 325
322 331
322 334
322 368
322 387
322 394
322 399
322 403
322 406
322 409
322 430
322 446
322 448
322 457
322 461
322 476
322 491
322 500
323 328
323 357
323 368
323 385
323 401
323 413
323 433
323 456
323 468
323 471
323 475
323 494
323 495
324 340
324 346
324 349
324 353
324 354
324 356
324 360
324 361
324 364
324 365
324 367
324 371
324 389
324 396
324 398
324 399
324 454
324 456
324 458
324 484
324 496
325 328
325 335
325 347
325 355
325 357
325 374
325 377
325 386
325 398
325 401
325 405
325 422
325 424
325 432
325 451
325 454
325 472
325 474
326 332
326 349
326 355
326 356
326 365
326 372
326 380
326 390
326 425
326 439
326 451
326 453
326 489
326 494
326 495
327 330
327 331
327 342
327 351
327 363
327 387
327 393
327 399
327 411
327 420
327 448
327 474
327 487
327 494
328 333
328 334
328 354
328 369
328 371
328 374
328 382
328 392
328 398
328 402
328 420
328 440
328 446
328 489
328 495
329 337
329 353
329 361
329 374
329 375
329 377
329 389
329 392
329 395
329 418
329 433
329 446
329 461
329 492
330 334
330 340
330 365
330 372
330 416
330 418
330 427
330 440
330 471
330 472
330 473
330 477
330 491
331 342
331 348
331 354
331 357
331 361
331 376
331 386
331 390
331 409
331 417
331 441
331 448
331 458
331 488
331 489
331 493
332 346
332 349
332 353
332 386
332 411
332 420
332 433
332 438
332 470
332 471
332 485
332 492
332 498
333 345
333 375
333 382
333 383
333 401
333 405
333 414
333 424
333 434
333 439
333 449
333 453
333 455
333 473
333 486
334 345
334 356
334 357
334 365
334 373
334 378
334 382
334 386
334 392
334 401
334 413
334 438
334 452
334 468
334 476
335 338
335 354
335 370
335 375
335 392
335 396
335 401
335 402
335 413
335 416
335 419
335 443
335 448
335 452
335 465
335 489
335 490
335 494
335 497
335 499
336 342
336 344
336 361
336 367
336 379
336 380
336 386
336 391
336 403
336 409
336 427
336 430
336 440
336 454
336 457
336 462
336 463
336 469
336 479
336 480
336 487
337 348
337 387
337 393
337 398
337 403
337 415
337 430
337 444
337 447
337 453
337 456
337 460
337 462
337 470
337 474
337 487
338 345
338 349
338 351
338 362
338 366
338 367
338 385
338 399
338 409
338 410
338 450
338 453
338 481
339 346
339 347
339 377
339 378
339 379
339 386
339 387
339 389
339 395
339 407
339 409
339 422
339 434
339 455
339 477
339 482
339 486
340 345
340 366
340 383
340 395
340 430
340 463
340 465
340 467
340 471
340 476
340 477
340 500
341 342
341 360
341 361
341 370
341 375
341 380
341 391
341 404
341 406
341 417
341 418
341 424
341 429
341 463
341 466
341 484
341 489
342 347
342 353
342 354
342 357
342 358
342 364
342 375
342 377
342 432
342 438
342 472
342 476
342 484
342 485
342 490
342 500
343 348
343 380
343 397
343 418
343 450
343 451
343 456
343 463
343 466
343 493
343 495
343 500
344 364
344 394
344 398
344 399
344 400
344 409
344 413
344 424
344 425
344 441
344 446
344 457
344 477
344 483
344 484
345 364
345 380
345 387
345 389
345 390
345 399
345 410
345 420
345 421
345 429
345 432
345 436
345 438
345 445
345 474
345 478
345 482
345 490
346 377
346 381
346 385
346 386
346 387
346 388
346 393
346 394
346 400
346 403
346 408
346 417
346 425
346 428
346 436
346 442
346 444
346 452
346 457
346 469
346 471
346 472
346 487
346 495
346 499
347 349
347 352
347 358
347 368
347 370
347 374
347 383
347 384
347 399
347 409
347 412
347 431
347 449
347 451
347 464
347 476
347 483
347 485
347 489
347 490
348 369
348 372
348 375
348 376
348 377
348 387
348 390
348 393
348 395
348 398
348 403
348 409
348 414
348 416
348 420
348 435
348 443
348 452
348 455
348 456
348 469
348 471
348 472
348 476
348 482
348 483
349 359
349 365
349 390
349 408
349 412
349 419
349 432
349 439
349 445
349 448
349 464
349 499
350 354
350 362
350 368
350 380
350 390
350 396
350 404
350 405
350 408
350 409
350 410
350 411
350 414
350 429
350 445
350 453
350 476
350 481
350 483
350 486
351 353
351 364
351 365
351 377
351 404
351 408
351 409
351 416
351 426
351 435
351 436
351 444
351 446
351 447
351 450
351 462
351 466
351 483
352 354
352 355
352 356
352 357
352 362
352 369
352 390
352 428
352 434
352 450
352 452
352 460
352 463
352 472
352 480
352 491
352 498
353 357
353 366
353 371
353 384
353 390
353 398
353 400
353 409
353 414
353 424
353 433
353 455
353 466
353 475
353 480
353 488
353 490
353 494
354 372
354 376
354 385
354 403
354 424
354 447
354 461
354 464
354 471
354 477
355 361
355 365
355 378
355 389
355 390
355 401
355 407
355 412
355 414
355 446
355 451
355 455
355 456
355 459
355 466
355 483
355 488
355 495
356 357
356 391
356 404
356 413
356 414
356 416
356 418
356 429
356 444
356 454
356 456
356 466
356 468
356 479
356 493
357 381
357 434
357 447
357 449
357 470
357 471
357 475
357 494
357 497
358 361
358 364
358 365
358 386
358 418
358 419
358 421
358 423
358 424
358 426
358 431
358 443
358 460
358 462
358 498
359 364
359 376
359 384
359 394
359 405
359 417
359 427
359 444
359 469
359 477
360 362
360 373
360 375
360 378
360 385
360 412
360 430
360 440
360 452
360 460
360 486
360 497
361 382
361 390
361 394
361 405
361 412
361 417
361 423
361 425
361 426
361 459
361 471
361 476
361 485
362 364
362 369
362 370
362 371
362 373
362 382
362 395
362 399
362 411
362 412
362 421
362 424
362 433
362 440
362 450
362 451
362 486
362 496
362 500
363 374
363 376
363 392
363 400
363 415
363 417
363 429
363 462
363 474
363 490
364 382
364 390
364 395
364 398
364 401
364 432
364 449
364 467
364 478
364 481
364 492
364 494
364 495
364 497
364 498
365 382
365 391
365 393
365 401
365 404
365 443
365 469
365 477
365 489
365 490
365 496
366 373
366 389
366 394
366 397
366 430
366 454
366 477
366 487
367 378
367 382
367 383
367 387
367 426
367 442
367 449
367 472
367 476
367 486
368 381
368 384
368 390
368 412
368 415
368 417
368 439
368 442
368 461
368 471
368 477
369 383
369 386
369 426
369 432
369 436
369 449
369 450
369 467
369 468
369 474
369 483
369 484
369 494
370 375
370 382
370 404
370 406
370 411
370 417
370 422
370 439
370 440
370 449
370 458
370 461
370 464
370 468
370 470
370 481
370 482
370 487
370 488
370 500
371 375
371 377
371 382
371 387
371 388
371 396
371 404
371 407
371 434
371 444
371 448
371 456
371 461
371 464
371 466
371 480
371 481
371 483
371 486
371 488
371 494
371 499
372 378
372 394
372 406
372 414
372 443
372 449
372 452
372 453
372 456
372 470
372 482
372 484
372 491
373 377
373 385
373 391
373 394
373 419
373 427
373 446
373 462
373 466
373 482
373 483
373 490
373 497
373 499
374 375
374 397
374 408
374 414
374 428
374 455
374 463
374 497
375 379
375 390
375 392
375 400
375 401
375 404
375 406
375 425
375 441
375 478
375 488
376 377
376 383
376 390
376 399
376 404
376 408
376 417
376 441
376 442
376 446
376 450
376 452
376 472
376 473
376 474
376 500
377 378
377 391
377 393
377 399
377 411
377 416
377 423
377 433
377 437
377 440
377 441
377 459
377 475
377 485
377 486
377 494
377 500
378 393
378 399
378 429
378 447
378 475
378 485
379 399
379 400
379 408
379 412
379 422
379 441
379 477
379 479
379 493
379 497
380 401
380 407
380 410
380 411
380 427
380 464
380 465
380 466
380 471
380 480
380 495
381 397
381 400
381 412
381 414
381 415
381 434
381 479
381 487
381 492
381 493
381 500
382 406
382 418
382 420
382 428
382 430
382 440
382 449
382 452
382 454
382 459
382 467
382 474
382 477
382 489
382 500
383 389
383 396
383 411
383 432
383 436
383 465
383 470
383 482
383 487
384 395
384 435
384 438
384 439
384 465
384 477
385 404
385 411
385 412
385 417
385 428
385 434
385 440
385 442
385 471
385 478
385 479
385 487
385 489
385 498
386 409
386 413
386 419
386 423
386 426
386 439
386 462
386 471
386 493
387 392
387 393
387 396
387 411
387 413
387 439
387 440
387 455
387 463
387 473
387 479
387 480
387 484
387 491
388 395
388 400
388 407
388 412
388 428
388 439
388 440
388 442
388 443
388 444
388 452
388 463
388 465
388 466
388 468
388 473
388 474
388 475
388 481
388 484
389 394
389 408
389 410
389 419
389 432
389 435
389 436
389 438
389 439
389 447
389 456
389 458
389 459
389 461
389 462
389 466
389 467
389 474
389 478
389 479
389 485
390 396
390 402
390 409
390 410
390 424
390 446
390 447
390 460
390 462
390 471
390 498
391 415
391 422
391 433
391 439
391 447
391 482
391 484
391 494
391 495
391 496
391 497
391 500
392 398
392 402
392 412
392 414
392 419
392 434
392 441
392 450
392 454
392 471
392 497
393 406
393 416
393 430
393 434
393 442
393 459
393 473
393 493
394 398
394 408
394 413
394 414
394 416
394 426
394 452
394 458
394 461
394 469
394 470
394 479
394 488
394 489
395 403
395 422
395 439
395 442
395 462
395 481
395 484
395 487
395 499
396 405
396 427
396 440
396 449
396 454
396 461
396 464
396 467
396 476
396 477
396 497
397 401
397 402
397 437
397 439
397 440
397 470
397 472
397 489
398 403
398 418
398 426
398 436
398 494
398 499
399 403
399 404
399 410
399 431
399 441
399 459
399 462
399 467
399 470
399 472
399 477
399 483
399 489
399 491
400 403
400 421
400 422
400 438
400 457
400 460
400 480
400 487
401 423
401 433
401 436
401 445
401 449
401 454
401 469
401 480
401 487
401 495
401 497
401 499
402 409
402 423
402 428
402 432
402 439
402 440
402 446
402 464
402 470
402 497
402 500
403 421
403 424
403 445
403 452
403 462
403 464
403 480
403 483
403 492
404 405
404 431
404 435
404 459
404 460
404 466
404 476
404 482
404 484
404 485
404 486
405 412
405 425
405 436
405 438
405 440
405 449
405 451
405 453
405 463
405 483
405 486
406 411
406 420
406 431
406 439
406 458
406 462
406 464
406 467
406 482
407 411
407 420
407 437
407 446
407 462
407 477
407 493
408 411
408 424
408 442
408 450
408 454
408 493
408 495
409 413
409 435
409 452
409 453
409 465
409 477
409 489
409 490
409 500
410 412
410 416
410 426
410 432
410 455
410 478
410 488
410 490
410 491
410 492
411 459
411 466
411 484
411 486
412 417
412 420
412 455
412 464
412 471
412 478
412 489
413 424
413 439
413 453
413 455
413 466
413 467
413 486
414 428
414 438
414 449
414 458
414 482
414 485
414 495
415 418
415 429
415 437
415 450
415 451
415 472
415 476
415 479
415 486
415 491
416 418
416 419
416 423
416 471
416 482
416 483
417 420
417 440
417 441
417 443
417 454
417 458
417 460
417 463
417 470
417 473
417 474
417 476
418 422
418 428
418 435
418 452
418 459
418 475
418 479
419 429
419 463
419 470
419 477
419 500
420 442
420 445
420 450
420 458
420 482
420 487
420 488
420 489
420 496
421 427
421 443
421 458
422 429
422 435
422 440
422 462
422 495
422 496
423 434
423 445
423 449
423 454
423 460
423 467
423 484
423 493
423 500
424 435
424 453
424 454
424 460
424 461
424 475
424 479
424 495
424 500
425 431
425 436
425 448
425 449
425 452
425 487
426 441
426 444
426 447
426 450
426 454
426 465
426 467
426 483
426 490
427 429
427 452
427 459
427 470
427 479
427 485
427 495
428 439
428 451
428 453
428 466
428 492
429 447
429 462
429 499
429 500
430 431
430 456
430 459
430 462
430 466
430 470
430 476
431 437
431 450
431 460
431 461
431 483
431 487
431 493
431 496
432 436
432 437
432 460
432 462
432 463
432 465
432 483
432 492
433 440
433 444
433 464
433 467
433 491
433 493
433 494
434 439
434 443
434 444
434 446
434 453
434 454
434 466
435 446
435 471
435 477
435 485
435 488
435 489
435 500
436 479
436 495
437 439
437 443
437 448
437 453
437 475
437 487
437 494
437 500
438 439
438 441
438 445
438 447
438 459
438 462
438 469
438 477
438 485
438 499
439 440
439 452
439 453
439 471
439 476
439 480
439 490
439 492
440 442
440 456
440 459
441 463
441 471
441 479
441 481
441 489
441 492
442 445
442 452
442 464
442 468
443 457
443 478
443 481
443 488
443 491
444 456
444 457
444 459
444 460
444 465
444 470
444 472
444 482
444 487
444 488
444 491
445 448
445 450
445 459
445 473
446 452
446 469
446 473
446 475
446 480
447 471
447 480
447 487
448 450
448 456
448 469
448 495
449 468
449 495
450 452
450 461
450 466
450 483
450 487
450 490
451 473
451 484
451 485
451 494
451 498
452 456
452 458
452 468
452 469
452 471
452 491
452 492
453 462
453 463
453 469
453 481
453 492
453 497
453 499
454 482
454 488
454 498
454 500
455 466
455 484
455 496
455 497
456 469
456 473
456 475
456 476
456 487
456 492
456 496
456 500
457 460
457 472
457 478
457 483
457 486
458 467
458 473
458 475
458 485
459 481
459 484
459 496
460 474
460 480
460 483
460 487
461 465
461 473
461 481
461 483
461 489
461 492
461 496
461 498
461 500
462 469
462 474
462 483
462 492
463 468
464 490
464 495
464 497
465 467
465 473
465 482
465 493
466 473
466 487
467 468
467 471
467 482
468 490
468 500
469 477
469 485
469 487
470 472
470 479
470 494
471 473
471 484
471 489
472 485
472 497
472 498
473 474
473 480
473 490
473 499
474 490
474 494
474 495
475 482
475 491
475 492
476 478
476 490
476 491
476 499
477 481
477 486
477 490
477 492
478 493
478 495
478 498
479 480
479 481
479 484
479 498
480 482
482 488
482 498
483 494
483 499
484 491
484 498
485 492
486 491
487 491
487 492
488 497
489 499
494 496
494 497
