Esto es un comentario
250 250 6287
1 2
1 6
1 18
1 19
1 21
1 28
1 31
1 36
1 40
1 52
1 53
1 54
1 58
1 60
1 78
1 79
1 81
1 90
1 103
1 108
1 110
1 111
1 121
1 122
1 123
1 125
1 127
1 156
1 163
1 164
1 165
1 168
1 178
1 184
1 187
1 190
1 191
1 197
1 201
1 202
1 203
1 212
1 217
1 225
1 229
1 240
1 249
2 5
2 8
2 9
2 22
2 23
2 35
2 36
2 37
2 49
2 50
2 63
2 65
2 74
2 75
2 78
2 79
2 87
2 90
2 95
2 103
2 106
2 120
2 126
2 129
2 142
2 151
2 152
2 164
2 169
2 175
2 177
2 181
2 182
2 186
2 190
2 209
2 210
2 211
2 212
2 232
2 240
3 13
3 18
3 22
3 24
3 25
3 26
3 28
3 32
3 39
3 59
3 62
3 63
3 71
3 74
3 80
3 83
3 85
3 86
3 87
3 93
3 105
3 107
3 108
3 117
3 123
3 124
3 125
3 130
3 137
3 143
3 147
3 156
3 159
3 168
3 172
3 180
3 182
3 185
3 191
3 192
3 193
3 195
3 196
3 198
3 209
3 214
3 219
3 223
3 227
3 228
3 230
3 232
3 237
3 238
3 239
4 24
4 30
4 34
4 40
4 43
4 44
4 54
4 62
4 63
4 64
4 65
4 70
4 73
4 75
4 97
4 104
4 107
4 111
4 114
4 115
4 121
4 136
4 137
4 150
4 154
4 161
4 164
4 170
4 176
4 179
4 181
4 185
4 188
4 190
4 192
4 195
4 196
4 204
4 207
4 208
4 212
4 215
4 217
4 220
4 228
4 231
4 238
4 240
4 244
4 246
4 250
5 6
5 30
5 32
5 34
5 39
5 41
5 53
5 54
5 60
5 68
5 69
5 70
5 77
5 78
5 79
5 80
5 83
5 101
5 102
5 103
5 113
5 121
5 131
5 133
5 139
5 150
5 154
5 169
5 174
5 178
5 182
5 186
5 190
5 194
5 198
5 199
5 212
5 216
5 220
5 224
5 226
5 233
5 237
6 9
6 11
6 15
6 18
6 25
6 26
6 32
6 35
6 36
6 42
6 44
6 64
6 79
6 94
6 102
6 104
6 107
6 111
6 127
6 128
6 129
6 136
6 141
6 155
6 166
6 176
6 179
6 180
6 182
6 183
6 185
6 192
6 194
6 195
6 197
6 198
6 202
6 211
6 213
6 215
6 220
6 225
6 227
6 229
6 231
6 237
6 240
6 242
6 244
6 245
6 250
7 8
7 9
7 11
7 12
7 16
7 20
7 23
7 31
7 35
7 36
7 37
7 40
7 43
7 53
7 57
7 60
7 67
7 73
7 86
7 87
7 97
7 101
7 111
7 113
7 123
7 129
7 130
7 131
7 134
7 136
7 149
7 154
7 158
7 163
7 166
7 175
7 178
7 184
7 185
7 187
7 194
7 195
7 196
7 197
7 200
7 203
7 206
7 215
7 217
7 243
7 248
7 250
8 9
8 15
8 18
8 19
8 25
8 26
8 27
8 36
8 38
8 47
8 52
8 53
8 54
8 55
8 60
8 65
8 70
8 75
8 85
8 93
8 96
8 108
8 119
8 120
8 121
8 125
8 126
8 130
8 132
8 142
8 144
8 164
8 169
8 175
8 189
8 190
8 195
8 204
8 213
8 217
8 218
8 245
8 249
9 15
9 19
9 20
9 26
9 38
9 40
9 41
9 50
9 54
9 59
9 62
9 64
9 65
9 73
9 82
9 88
9 90
9 99
9 101
9 109
9 115
9 116
9 119
9 135
9 149
9 151
9 153
9 154
9 156
9 157
9 162
9 168
9 172
9 186
9 191
9 213
9 223
9 225
9 228
9 233
9 250
10 16
10 26
10 27
10 29
10 33
10 36
10 38
10 46
10 49
10 50
10 51
10 62
10 66
10 67
10 91
10 112
10 117
10 123
10 132
10 136
10 137
10 138
10 142
10 152
10 164
10 165
10 168
10 173
10 176
10 180
10 186
10 188
10 195
10 200
10 201
10 212
10 213
10 221
10 240
10 243
10 245
10 248
10 250
11 18
11 19
11 27
11 29
11 31
11 39
11 46
11 52
11 54
11 59
11 64
11 69
11 72
11 75
11 81
11 90
11 91
11 96
11 109
11 121
11 127
11 128
11 133
11 134
11 137
11 145
11 146
11 151
11 152
11 153
11 154
11 157
11 163
11 169
11 178
11 184
11 187
11 201
11 203
11 206
11 209
11 210
11 213
11 215
11 216
11 218
11 225
11 234
11 249
12 24
12 31
12 35
12 38
12 48
12 50
12 60
12 76
12 77
12 81
12 83
12 101
12 102
12 106
12 107
12 120
12 130
12 138
12 144
12 145
12 149
12 150
12 152
12 153
12 160
12 171
12 173
12 174
12 178
12 179
12 189
12 192
12 195
12 199
12 208
12 212
12 215
12 220
12 222
12 223
12 229
12 237
12 241
13 16
13 20
13 21
13 24
13 40
13 44
13 54
13 61
13 70
13 78
13 82
13 91
13 97
13 99
13 119
13 128
13 141
13 143
13 145
13 149
13 168
13 173
13 174
13 183
13 190
13 195
13 199
13 202
13 204
13 206
13 207
13 211
13 216
13 218
13 220
13 222
13 226
13 230
13 236
13 237
13 239
13 244
13 246
13 247
14 20
14 21
14 33
14 38
14 55
14 57
14 59
14 69
14 73
14 75
14 77
14 79
14 84
14 92
14 95
14 99
14 102
14 116
14 124
14 138
14 139
14 165
14 182
14 196
14 201
14 237
14 238
14 245
14 246
15 24
15 29
15 30
15 31
15 42
15 44
15 45
15 48
15 64
15 68
15 81
15 87
15 89
15 95
15 106
15 111
15 114
15 120
15 121
15 122
15 128
15 131
15 132
15 133
15 135
15 136
15 148
15 151
15 162
15 166
15 167
15 182
15 194
15 195
15 197
15 199
15 200
15 205
15 210
15 217
15 218
15 223
15 228
15 234
15 241
15 245
15 249
16 22
16 24
16 30
16 31
16 34
16 40
16 41
16 56
16 60
16 65
16 66
16 69
16 76
16 77
16 80
16 82
16 86
16 87
16 91
16 97
16 101
16 110
16 116
16 119
16 120
16 124
16 128
16 129
16 131
16 136
16 141
16 146
16 156
16 161
16 162
16 168
16 170
16 172
16 178
16 180
16 186
16 189
16 190
16 194
16 198
16 206
16 212
16 213
16 218
16 219
16 223
16 228
16 237
16 238
16 240
16 243
16 246
17 19
17 20
17 33
17 45
17 52
17 53
17 54
17 55
17 56
17 58
17 60
17 73
17 80
17 86
17 87
17 88
17 92
17 95
17 96
17 103
17 105
17 110
17 115
17 116
17 121
17 122
17 124
17 125
17 129
17 144
17 147
17 154
17 159
17 165
17 167
17 168
17 173
17 183
17 187
17 189
17 192
17 193
17 199
17 215
17 216
17 217
17 219
17 221
17 222
17 239
17 240
17 248
18 19
18 31
18 35
18 38
18 39
18 44
18 50
18 57
18 59
18 62
18 64
18 70
18 87
18 94
18 95
18 99
18 102
18 104
18 106
18 109
18 115
18 117
18 126
18 129
18 134
18 138
18 143
18 152
18 154
18 157
18 161
18 163
18 169
18 175
18 177
18 183
18 187
18 195
18 197
18 203
18 204
18 205
18 209
18 210
18 217
18 227
18 228
18 229
18 232
18 235
18 238
18 241
18 242
18 243
18 250
19 24
19 26
19 33
19 35
19 39
19 43
19 60
19 63
19 68
19 69
19 80
19 81
19 91
19 107
19 114
19 115
19 116
19 125
19 133
19 137
19 138
19 141
19 142
19 147
19 149
19 154
19 162
19 164
19 171
19 172
19 173
19 177
19 181
19 186
19 191
19 197
19 205
19 218
19 223
19 230
19 237
19 242
20 21
20 22
20 35
20 37
20 45
20 47
20 53
20 54
20 57
20 62
20 66
20 70
20 71
20 73
20 79
20 83
20 84
20 86
20 87
20 93
20 94
20 101
20 106
20 107
20 109
20 116
20 126
20 129
20 130
20 135
20 137
20 145
20 172
20 176
20 177
20 178
20 203
20 219
20 223
20 227
20 230
20 249
20 250
21 26
21 31
21 38
21 48
21 49
21 51
21 61
21 67
21 69
21 71
21 72
21 77
21 79
21 80
21 81
21 85
21 88
21 92
21 98
21 99
21 101
21 116
21 117
21 120
21 129
21 132
21 142
21 144
21 148
21 151
21 161
21 170
21 174
21 177
21 181
21 182
21 187
21 189
21 196
21 208
21 211
21 218
21 222
21 227
21 229
21 230
21 233
21 238
21 242
21 243
21 247
22 25
22 26
22 30
22 31
22 35
22 36
22 38
22 49
22 52
22 59
22 66
22 77
22 85
22 86
22 100
22 103
22 104
22 105
22 106
22 114
22 115
22 120
22 122
22 128
22 130
22 137
22 139
22 140
22 144
22 150
22 151
22 152
22 161
22 162
22 164
22 169
22 172
22 178
22 183
22 185
22 188
22 189
22 193
22 194
22 196
22 199
22 205
22 207
22 213
22 217
22 223
22 226
22 228
22 230
22 242
22 249
23 26
23 30
23 35
23 43
23 44
23 45
23 50
23 57
23 60
23 66
23 68
23 72
23 77
23 88
23 95
23 101
23 104
23 105
23 106
23 125
23 126
23 127
23 128
23 135
23 141
23 143
23 144
23 145
23 149
23 150
23 152
23 161
23 162
23 163
23 164
23 168
23 183
23 184
23 189
23 191
23 194
23 199
23 220
23 231
23 236
23 237
23 246
24 26
24 28
24 31
24 35
24 43
24 53
24 54
24 57
24 59
24 62
24 73
24 74
24 78
24 80
24 92
24 93
24 94
24 97
24 98
24 102
24 103
24 107
24 108
24 114
24 116
24 124
24 128
24 135
24 138
24 139
24 151
24 155
24 162
24 165
24 184
24 186
24 190
24 194
24 201
24 202
24 209
24 213
24 215
24 220
24 230
24 232
24 235
24 237
24 240
24 243
24 246
24 247
25 31
25 36
25 41
25 43
25 46
25 58
25 60
25 72
25 80
25 85
25 92
25 102
25 103
25 106
25 116
25 121
25 124
25 128
25 131
25 136
25 138
25 140
25 158
25 161
25 162
25 168
25 169
25 170
25 171
25 172
25 181
25 189
25 192
25 196
25 215
25 222
25 225
25 227
25 234
25 239
25 242
25 245
25 249
26 50
26 52
26 59
26 62
26 69
26 92
26 96
26 105
26 119
26 120
26 121
26 122
26 130
26 137
26 138
26 139
26 140
26 143
26 144
26 146
26 155
26 169
26 173
26 176
26 187
26 188
26 193
26 194
26 196
26 199
26 203
26 207
26 208
26 210
26 212
26 226
26 231
26 234
26 236
26 246
26 249
27 29
27 32
27 38
27 47
27 48
27 52
27 55
27 62
27 64
27 69
27 79
27 80
27 84
27 86
27 88
27 89
27 91
27 92
27 99
27 104
27 110
27 113
27 120
27 133
27 137
27 138
27 143
27 147
27 150
27 157
27 158
27 165
27 169
27 171
27 177
27 181
27 186
27 189
27 193
27 194
27 198
27 207
27 212
27 222
27 223
27 224
27 226
27 229
27 234
27 239
27 240
27 242
27 244
27 247
27 248
27 250
28 37
28 41
28 54
28 55
28 58
28 60
28 62
28 75
28 85
28 94
28 98
28 100
28 106
28 112
28 114
28 119
28 122
28 138
28 141
28 145
28 146
28 153
28 163
28 167
28 179
28 183
28 200
28 202
28 204
28 210
28 212
28 216
28 228
28 230
28 236
28 238
28 241
28 244
29 33
29 39
29 40
29 46
29 69
29 77
29 79
29 93
29 95
29 100
29 101
29 107
29 109
29 110
29 112
29 123
29 126
29 127
29 131
29 148
29 150
29 152
29 157
29 166
29 167
29 173
29 176
29 178
29 179
29 187
29 188
29 202
29 203
29 205
29 206
29 214
29 215
29 216
29 218
29 221
29 235
29 236
30 31
30 32
30 39
30 43
30 44
30 45
30 48
30 49
30 82
30 86
30 92
30 95
30 105
30 106
30 116
30 127
30 129
30 137
30 142
30 147
30 155
30 179
30 181
30 185
30 186
30 194
30 197
30 200
30 202
30 215
30 224
30 232
30 233
30 237
30 240
30 245
31 37
31 40
31 45
31 54
31 58
31 63
31 65
31 76
31 82
31 99
31 100
31 101
31 106
31 107
31 113
31 118
31 120
31 123
31 125
31 126
31 134
31 136
31 145
31 149
31 151
31 156
31 159
31 161
31 168
31 177
31 178
31 179
31 181
31 182
31 183
31 186
31 191
31 195
31 201
31 206
31 207
31 221
31 223
31 231
31 233
31 234
31 238
32 35
32 42
32 43
32 48
32 50
32 56
32 58
32 60
32 65
32 67
32 70
32 71
32 75
32 76
32 80
32 88
32 89
32 93
32 102
32 108
32 128
32 130
32 139
32 142
32 153
32 154
32 159
32 160
32 168
32 171
32 173
32 188
32 190
32 191
32 192
32 198
32 204
32 208
32 212
32 214
32 219
32 229
32 230
32 235
32 243
32 248
32 250
33 34
33 39
33 43
33 44
33 49
33 53
33 54
33 62
33 64
33 71
33 86
33 94
33 98
33 99
33 101
33 103
33 116
33 119
33 120
33 121
33 125
33 136
33 141
33 147
33 150
33 153
33 154
33 156
33 158
33 165
33 166
33 167
33 173
33 178
33 180
33 181
33 185
33 187
33 209
33 213
33 218
33 220
33 231
33 235
33 245
33 249
34 38
34 46
34 52
34 62
34 67
34 70
34 73
34 74
34 82
34 86
34 88
34 100
34 104
34 110
34 117
34 122
34 124
34 127
34 137
34 141
34 147
34 149
34 156
34 158
34 159
34 162
34 166
34 169
34 174
34 175
34 176
34 187
34 197
34 199
34 204
34 206
34 209
34 210
34 212
34 228
34 231
34 233
34 238
34 245
34 249
35 41
35 43
35 47
35 48
35 59
35 60
35 61
35 68
35 69
35 74
35 89
35 103
35 109
35 112
35 113
35 124
35 127
35 131
35 135
35 136
35 137
35 148
35 150
35 152
35 158
35 165
35 168
35 169
35 171
35 178
35 179
35 186
35 200
35 206
35 209
35 212
35 226
35 231
35 232
35 239
35 249
36 37
36 38
36 41
36 42
36 51
36 55
36 61
36 65
36 68
36 74
36 84
36 94
36 115
36 130
36 131
36 133
36 134
36 140
36 145
36 149
36 154
36 155
36 162
36 164
36 165
36 171
36 174
36 176
36 182
36 186
36 188
36 194
36 205
36 211
36 212
36 226
36 230
36 234
36 235
36 240
36 243
36 250
37 40
37 42
37 46
37 51
37 56
37 59
37 62
37 66
37 72
37 73
37 74
37 78
37 83
37 84
37 96
37 101
37 105
37 106
37 112
37 116
37 117
37 130
37 133
37 135
37 142
37 152
37 162
37 167
37 172
37 194
37 198
37 200
37 202
37 208
37 211
37 215
37 219
37 229
37 230
37 231
37 245
37 246
37 250
38 42
38 49
38 57
38 61
38 64
38 66
38 69
38 70
38 73
38 76
38 84
38 85
38 94
38 101
38 103
38 106
38 108
38 110
38 112
38 114
38 118
38 123
38 127
38 128
38 143
38 149
38 160
38 161
38 191
38 195
38 197
38 207
38 212
38 221
38 222
38 223
38 230
38 237
38 249
39 41
39 44
39 45
39 51
39 57
39 58
39 62
39 69
39 78
39 85
39 86
39 89
39 93
39 99
39 118
39 126
39 128
39 129
39 132
39 137
39 145
39 152
39 153
39 155
39 161
39 165
39 174
39 177
39 178
39 181
39 183
39 192
39 199
39 202
39 205
39 213
39 227
39 230
39 234
39 236
39 244
39 247
39 249
40 41
40 43
40 47
40 50
40 59
40 60
40 66
40 73
40 76
40 90
40 97
40 99
40 100
40 104
40 108
40 112
40 116
40 121
40 124
40 129
40 131
40 133
40 135
40 142
40 145
40 148
40 149
40 150
40 160
40 170
40 172
40 177
40 178
40 179
40 180
40 183
40 186
40 191
40 193
40 196
40 204
40 212
40 215
40 217
40 226
40 229
40 235
40 244
40 247
41 44
41 49
41 60
41 62
41 64
41 75
41 76
41 77
41 78
41 79
41 83
41 88
41 93
41 101
41 105
41 109
41 110
41 111
41 114
41 115
41 121
41 123
41 125
41 130
41 133
41 134
41 137
41 139
41 142
41 143
41 145
41 149
41 157
41 158
41 162
41 165
41 179
41 188
41 191
41 194
41 197
41 203
41 212
41 215
41 216
41 218
41 220
41 222
41 223
41 224
41 225
41 231
41 240
41 241
41 242
41 243
41 244
42 51
42 52
42 55
42 62
42 67
42 69
42 72
42 74
42 78
42 87
42 88
42 89
42 94
42 95
42 97
42 103
42 105
42 111
42 119
42 129
42 132
42 134
42 135
42 136
42 140
42 141
42 142
42 143
42 144
42 163
42 166
42 167
42 170
42 171
42 181
42 200
42 201
42 202
42 204
42 206
42 209
42 212
42 223
42 228
42 229
42 244
42 248
42 250
43 45
43 53
43 55
43 58
43 60
43 64
43 74
43 82
43 83
43 93
43 98
43 99
43 104
43 112
43 114
43 118
43 125
43 127
43 130
43 133
43 143
43 157
43 159
43 160
43 161
43 166
43 167
43 180
43 191
43 202
43 207
43 211
43 214
43 215
43 218
43 219
43 224
43 228
43 229
43 235
43 237
43 239
43 240
43 249
44 49
44 50
44 53
44 60
44 62
44 68
44 72
44 82
44 83
44 84
44 85
44 89
44 99
44 108
44 118
44 122
44 123
44 126
44 127
44 128
44 133
44 138
44 140
44 156
44 157
44 161
44 163
44 166
44 178
44 184
44 187
44 192
44 203
44 208
44 211
44 216
44 218
44 219
44 221
44 224
44 225
44 226
44 235
44 241
44 243
44 249
45 47
45 51
45 56
45 57
45 64
45 67
45 70
45 71
45 72
45 80
45 84
45 87
45 89
45 90
45 91
45 96
45 105
45 109
45 113
45 115
45 119
45 122
45 137
45 142
45 153
45 165
45 169
45 173
45 177
45 184
45 185
45 186
45 188
45 197
45 204
45 205
45 207
45 212
45 215
45 222
45 223
45 224
45 225
45 227
45 229
45 240
46 47
46 55
46 59
46 61
46 62
46 68
46 69
46 73
46 74
46 78
46 80
46 81
46 85
46 89
46 108
46 111
46 123
46 125
46 126
46 130
46 132
46 133
46 138
46 144
46 153
46 157
46 163
46 166
46 173
46 178
46 189
46 195
46 207
46 210
46 219
46 222
46 223
46 224
46 228
46 229
46 231
46 233
46 237
46 239
46 243
46 250
47 57
47 64
47 65
47 68
47 71
47 72
47 75
47 84
47 93
47 98
47 101
47 102
47 105
47 107
47 120
47 123
47 127
47 134
47 135
47 155
47 174
47 177
47 196
47 199
47 201
47 206
47 209
47 213
47 214
47 218
47 223
47 225
47 230
47 232
47 235
47 241
47 245
47 246
48 50
48 51
48 53
48 60
48 65
48 69
48 76
48 82
48 85
48 90
48 99
48 115
48 121
48 124
48 132
48 133
48 135
48 140
48 145
48 150
48 160
48 171
48 174
48 186
48 190
48 198
48 199
48 210
48 211
48 217
48 220
48 234
48 239
48 240
48 241
48 250
49 53
49 56
49 57
49 62
49 66
49 67
49 72
49 79
49 88
49 107
49 109
49 112
49 113
49 114
49 115
49 116
49 129
49 131
49 134
49 135
49 147
49 156
49 179
49 182
49 184
49 186
49 189
49 213
49 222
49 225
49 232
49 237
49 244
50 51
50 54
50 55
50 61
50 76
50 78
50 81
50 89
50 92
50 103
50 110
50 121
50 123
50 124
50 125
50 126
50 129
50 130
50 131
50 132
50 147
50 161
50 165
50 166
50 169
50 170
50 179
50 187
50 190
50 211
50 212
50 217
50 221
50 233
51 56
51 57
51 65
51 66
51 70
51 77
51 86
51 91
51 92
51 96
51 103
51 116
51 125
51 129
51 130
51 133
51 134
51 138
51 154
51 177
51 178
51 179
51 180
51 181
51 182
51 185
51 188
51 195
51 208
51 209
51 216
51 218
51 230
51 233
51 236
51 239
51 240
51 242
51 248
52 55
52 56
52 59
52 66
52 72
52 73
52 75
52 80
52 83
52 106
52 107
52 125
52 126
52 127
52 132
52 135
52 143
52 146
52 147
52 148
52 151
52 152
52 156
52 161
52 163
52 172
52 175
52 177
52 180
52 182
52 189
52 195
52 203
52 210
52 211
52 212
52 214
52 233
52 235
52 238
52 250
53 59
53 61
53 67
53 75
53 78
53 86
53 87
53 93
53 96
53 97
53 98
53 99
53 105
53 106
53 113
53 114
53 116
53 120
53 123
53 127
53 130
53 134
53 135
53 137
53 138
53 146
53 150
53 158
53 162
53 164
53 166
53 167
53 169
53 171
53 172
53 174
53 182
53 183
53 187
53 205
53 209
53 210
53 214
53 217
53 224
53 229
53 240
53 243
53 246
53 250
54 59
54 63
54 68
54 70
54 76
54 78
54 80
54 84
54 90
54 91
54 103
54 107
54 108
54 117
54 124
54 126
54 142
54 149
54 154
54 156
54 158
54 162
54 166
54 175
54 178
54 197
54 200
54 202
54 210
54 213
54 214
54 223
54 229
54 231
54 245
54 250
55 65
55 67
55 74
55 79
55 94
55 100
55 105
55 107
55 111
55 114
55 118
55 121
55 123
55 140
55 142
55 145
55 148
55 153
55 154
55 155
55 157
55 160
55 162
55 163
55 165
55 169
55 171
55 173
55 174
55 185
55 189
55 200
55 207
55 209
55 216
55 221
55 228
55 229
55 233
55 236
55 238
55 249
56 62
56 66
56 67
56 85
56 90
56 95
56 98
56 102
56 105
56 106
56 116
56 117
56 118
56 125
56 130
56 133
56 137
56 138
56 141
56 145
56 152
56 156
56 158
56 164
56 173
56 174
56 179
56 182
56 186
56 187
56 189
56 195
56 199
56 204
56 205
56 210
56 213
56 218
56 230
56 237
56 241
56 246
56 247
56 249
56 250
57 61
57 72
57 79
57 80
57 87
57 98
57 105
57 106
57 109
57 110
57 114
57 115
57 123
57 126
57 128
57 130
57 131
57 141
57 146
57 147
57 153
57 156
57 160
57 166
57 167
57 169
57 171
57 175
57 179
57 192
57 205
57 207
57 212
57 213
57 223
57 233
57 234
57 239
57 240
57 244
57 247
57 249
57 250
58 65
58 69
58 72
58 74
58 82
58 94
58 95
58 97
58 105
58 107
58 109
58 112
58 116
58 124
58 129
58 132
58 133
58 136
58 146
58 152
58 154
58 155
58 157
58 160
58 171
58 172
58 174
58 177
58 180
58 183
58 184
58 185
58 187
58 194
58 197
58 198
58 209
58 213
58 218
58 219
58 221
58 223
58 238
58 241
58 247
58 249
59 60
59 65
59 68
59 76
59 77
59 84
59 85
59 89
59 111
59 114
59 122
59 130
59 133
59 137
59 154
59 164
59 172
59 175
59 184
59 189
59 194
59 214
59 220
59 233
59 238
59 243
59 245
59 249
60 61
60 62
60 65
60 66
60 68
60 70
60 72
60 77
60 83
60 87
60 90
60 94
60 95
60 100
60 113
60 115
60 120
60 122
60 126
60 127
60 140
60 146
60 149
60 156
60 165
60 170
60 174
60 175
60 178
60 185
60 191
60 192
60 196
60 198
60 206
60 210
60 211
60 216
60 222
60 242
61 63
61 64
61 66
61 71
61 75
61 78
61 82
61 88
61 99
61 102
61 108
61 112
61 119
61 121
61 125
61 126
61 130
61 139
61 153
61 154
61 156
61 158
61 161
61 180
61 183
61 194
61 205
61 209
61 211
61 213
61 218
61 223
61 239
61 244
61 249
61 250
62 75
62 78
62 85
62 86
62 96
62 118
62 137
62 138
62 141
62 143
62 145
62 156
62 162
62 166
62 171
62 173
62 182
62 183
62 189
62 190
62 197
62 207
62 211
62 215
62 226
62 227
62 228
62 236
62 238
62 240
62 247
62 249
63 66
63 70
63 71
63 72
63 74
63 76
63 86
63 88
63 90
63 95
63 97
63 102
63 107
63 109
63 119
63 123
63 124
63 129
63 130
63 134
63 141
63 156
63 161
63 165
63 166
63 178
63 181
63 183
63 187
63 200
63 220
63 227
63 239
63 244
63 250
64 70
64 73
64 74
64 82
64 85
64 89
64 91
64 93
64 100
64 101
64 109
64 111
64 115
64 120
64 129
64 143
64 144
64 147
64 149
64 157
64 160
64 166
64 168
64 172
64 175
64 185
64 191
64 196
64 200
64 202
64 208
64 211
64 220
64 223
64 225
64 234
64 235
64 238
64 246
64 250
65 67
65 73
65 81
65 87
65 91
65 93
65 98
65 102
65 103
65 107
65 108
65 109
65 125
65 144
65 149
65 151
65 154
65 165
65 166
65 168
65 169
65 174
65 177
65 181
65 182
65 186
65 197
65 198
65 211
65 213
65 215
65 220
65 223
65 231
65 232
65 244
65 247
66 67
66 69
66 78
66 88
66 95
66 100
66 111
66 121
66 124
66 134
66 135
66 136
66 142
66 156
66 166
66 174
66 179
66 185
66 186
66 188
66 191
66 194
66 198
66 200
66 207
66 214
66 218
66 223
66 231
66 233
66 236
66 242
67 69
67 70
67 78
67 80
67 83
67 86
67 88
67 91
67 92
67 94
67 97
67 100
67 104
67 139
67 141
67 142
67 143
67 149
67 151
67 156
67 161
67 173
67 176
67 178
67 181
67 184
67 189
67 190
67 193
67 197
67 202
67 205
67 212
67 213
67 214
67 220
67 234
67 240
67 241
67 246
68 78
68 85
68 89
68 90
68 91
68 95
68 97
68 103
68 104
68 109
68 120
68 123
68 129
68 136
68 142
68 149
68 151
68 153
68 161
68 164
68 166
68 167
68 172
68 174
68 182
68 198
68 205
68 217
68 219
68 230
68 240
68 241
68 245
69 74
69 76
69 80
69 104
69 109
69 110
69 114
69 122
69 125
69 127
69 128
69 132
69 134
69 135
69 152
69 155
69 165
69 166
69 171
69 175
69 178
69 197
69 199
69 208
69 209
69 214
69 215
69 220
69 234
69 236
69 243
69 244
69 245
69 247
70 77
70 83
70 84
70 85
70 87
70 91
70 99
70 101
70 110
70 111
70 114
70 120
70 121
70 127
70 135
70 139
70 163
70 182
70 185
70 191
70 195
70 197
70 209
70 217
70 221
70 224
70 228
70 230
70 231
70 234
70 237
70 238
70 246
71 72
71 75
71 85
71 89
71 98
71 99
71 102
71 107
71 110
71 115
71 119
71 120
71 123
71 124
71 126
71 127
71 128
71 129
71 132
71 134
71 135
71 140
71 142
71 159
71 165
71 180
71 182
71 184
71 186
71 188
71 190
71 193
71 197
71 199
71 207
71 221
71 224
71 230
71 231
71 235
71 239
71 241
71 244
72 76
72 84
72 89
72 91
72 92
72 96
72 102
72 106
72 122
72 131
72 132
72 151
72 158
72 167
72 168
72 173
72 181
72 188
72 190
72 194
72 197
72 199
72 203
72 215
72 222
72 223
72 229
72 233
72 237
72 238
72 239
72 244
72 247
73 77
73 78
73 89
73 95
73 107
73 119
73 122
73 124
73 131
73 138
73 146
73 150
73 156
73 158
73 161
73 162
73 166
73 169
73 170
73 179
73 182
73 183
73 184
73 198
73 200
73 207
73 216
73 222
73 224
73 228
73 229
73 231
73 236
73 238
73 248
74 76
74 82
74 100
74 114
74 123
74 136
74 149
74 155
74 160
74 161
74 162
74 166
74 169
74 181
74 185
74 186
74 190
74 194
74 195
74 197
74 198
74 202
74 210
74 212
74 220
74 226
74 232
74 233
74 234
74 235
74 237
74 239
74 245
74 250
75 77
75 78
75 86
75 93
75 107
75 108
75 121
75 123
75 124
75 130
75 133
75 134
75 139
75 140
75 150
75 155
75 167
75 169
75 174
75 175
75 176
75 196
75 197
75 203
75 207
75 214
75 219
75 220
75 223
75 227
75 237
75 238
75 243
75 248
76 77
76 79
76 82
76 85
76 106
76 110
76 114
76 116
76 118
76 137
76 143
76 150
76 154
76 169
76 175
76 185
76 187
76 192
76 193
76 196
76 197
76 198
76 201
76 202
76 205
76 206
76 211
76 213
76 219
76 225
76 228
76 236
76 244
76 247
77 78
77 84
77 86
77 87
77 94
77 102
77 104
77 105
77 110
77 112
77 126
77 132
77 134
77 135
77 138
77 143
77 160
77 165
77 166
77 167
77 168
77 170
77 173
77 177
77 181
77 204
77 205
77 210
77 211
77 216
77 221
77 224
77 226
77 229
77 230
77 234
77 242
77 243
77 248
78 80
78 83
78 85
78 90
78 108
78 114
78 117
78 119
78 129
78 133
78 134
78 138
78 143
78 146
78 150
78 154
78 166
78 169
78 173
78 174
78 178
78 179
78 180
78 188
78 192
78 197
78 198
78 199
78 210
78 216
78 220
78 233
78 245
78 248
79 81
79 84
79 86
79 88
79 97
79 107
79 109
79 110
79 114
79 118
79 119
79 126
79 127
79 129
79 137
79 138
79 139
79 145
79 152
79 154
79 157
79 162
79 166
79 178
79 181
79 184
79 198
79 204
79 211
79 214
79 215
79 221
79 227
79 235
79 240
79 244
79 245
79 246
79 247
79 249
79 250
80 81
80 84
80 95
80 96
80 97
80 100
80 101
80 112
80 119
80 124
80 125
80 128
80 135
80 141
80 153
80 156
80 159
80 160
80 165
80 173
80 175
80 176
80 188
80 189
80 202
80 210
80 221
80 236
80 240
80 243
80 244
80 246
80 247
81 84
81 90
81 91
81 92
81 94
81 99
81 102
81 110
81 120
81 122
81 134
81 135
81 139
81 140
81 144
81 153
81 156
81 162
81 177
81 179
81 192
81 198
81 218
81 221
81 223
81 232
81 235
81 237
81 246
81 248
82 86
82 87
82 91
82 95
82 101
82 103
82 108
82 111
82 116
82 120
82 129
82 137
82 151
82 154
82 157
82 161
82 175
82 179
82 184
82 196
82 200
82 213
82 223
82 228
82 232
82 235
82 238
82 249
83 91
83 92
83 103
83 106
83 107
83 108
83 116
83 120
83 131
83 132
83 136
83 142
83 145
83 154
83 156
83 157
83 161
83 165
83 168
83 170
83 175
83 179
83 188
83 192
83 193
83 207
83 210
83 216
83 219
83 222
83 225
83 227
83 247
84 92
84 94
84 99
84 102
84 115
84 128
84 129
84 146
84 148
84 149
84 150
84 154
84 156
84 163
84 164
84 168
84 172
84 173
84 184
84 185
84 188
84 189
84 196
84 205
84 210
84 212
84 215
84 221
84 222
84 229
84 234
84 240
84 244
84 245
85 87
85 88
85 95
85 98
85 102
85 106
85 110
85 113
85 114
85 122
85 127
85 131
85 132
85 135
85 136
85 137
85 138
85 140
85 146
85 151
85 153
85 157
85 176
85 178
85 186
85 193
85 197
85 206
85 209
85 214
85 215
85 237
85 239
85 245
85 248
86 87
86 88
86 94
86 95
86 104
86 105
86 110
86 114
86 121
86 124
86 125
86 126
86 129
86 134
86 142
86 145
86 146
86 153
86 155
86 159
86 162
86 167
86 172
86 175
86 176
86 178
86 184
86 187
86 189
86 193
86 197
86 201
86 215
86 218
86 228
86 233
86 237
87 93
87 111
87 115
87 117
87 127
87 128
87 129
87 131
87 133
87 137
87 139
87 145
87 147
87 163
87 166
87 171
87 177
87 199
87 200
87 202
87 206
87 208
87 223
87 226
87 227
87 233
87 234
87 241
87 242
87 249
88 92
88 97
88 98
88 99
88 101
88 122
88 128
88 129
88 130
88 131
88 132
88 137
88 138
88 140
88 147
88 148
88 149
88 154
88 156
88 158
88 164
88 165
88 166
88 168
88 174
88 175
88 176
88 179
88 184
88 198
88 216
88 217
88 218
88 226
88 229
88 235
88 236
89 106
89 108
89 120
89 124
89 126
89 133
89 134
89 140
89 150
89 153
89 164
89 165
89 167
89 168
89 170
89 174
89 176
89 177
89 178
89 179
89 183
89 193
89 194
89 201
89 206
89 216
89 219
89 222
89 226
89 235
89 238
89 239
89 240
89 242
89 246
90 97
90 111
90 114
90 120
90 123
90 126
90 127
90 142
90 144
90 145
90 150
90 151
90 159
90 163
90 164
90 165
90 166
90 168
90 174
90 180
90 197
90 210
90 211
90 212
90 213
90 214
90 223
90 227
90 231
90 236
90 241
90 243
90 249
90 250
91 93
91 95
91 104
91 105
91 107
91 110
91 114
91 125
91 128
91 130
91 136
91 137
91 142
91 147
91 152
91 154
91 156
91 160
91 162
91 178
91 179
91 181
91 189
91 192
91 196
91 202
91 205
91 206
91 216
91 218
91 219
91 223
91 235
91 240
91 244
91 246
91 249
92 102
92 112
92 113
92 115
92 120
92 121
92 122
92 124
92 126
92 132
92 134
92 140
92 144
92 145
92 146
92 147
92 154
92 158
92 164
92 166
92 171
92 177
92 182
92 183
92 187
92 195
92 197
92 198
92 199
92 200
92 207
92 208
92 215
92 220
92 223
92 225
92 227
92 234
92 240
92 244
92 246
93 95
93 103
93 107
93 111
93 113
93 115
93 116
93 122
93 124
93 127
93 129
93 141
93 144
93 147
93 151
93 163
93 172
93 173
93 174
93 177
93 183
93 189
93 190
93 191
93 194
93 198
93 207
93 228
93 240
93 246
94 103
94 104
94 106
94 109
94 111
94 115
94 118
94 126
94 127
94 131
94 132
94 133
94 135
94 141
94 148
94 152
94 153
94 156
94 157
94 159
94 161
94 164
94 168
94 187
94 197
94 208
94 213
94 221
94 223
94 226
94 228
94 231
94 233
94 240
94 242
94 243
94 248
95 97
95 101
95 119
95 121
95 123
95 129
95 132
95 135
95 152
95 157
95 162
95 179
95 180
95 185
95 192
95 194
95 196
95 197
95 202
95 208
95 213
95 227
95 234
95 235
95 240
95 249
96 100
96 102
96 119
96 120
96 124
96 135
96 146
96 148
96 151
96 155
96 156
96 158
96 160
96 173
96 175
96 177
96 180
96 187
96 188
96 194
96 195
96 199
96 201
96 202
96 211
96 223
96 224
96 229
96 232
96 233
96 239
96 243
96 246
97 99
97 105
97 113
97 117
97 118
97 119
97 123
97 125
97 134
97 143
97 157
97 159
97 160
97 162
97 167
97 172
97 178
97 179
97 180
97 182
97 183
97 186
97 190
97 191
97 198
97 202
97 203
97 212
97 215
97 216
97 219
97 231
97 234
97 240
97 244
97 249
98 103
98 111
98 132
98 135
98 137
98 148
98 150
98 161
98 164
98 167
98 169
98 170
98 180
98 182
98 210
98 213
98 220
98 221
98 229
98 235
98 242
98 247
99 102
99 105
99 113
99 124
99 133
99 140
99 141
99 144
99 145
99 151
99 152
99 153
99 156
99 157
99 159
99 164
99 166
99 167
99 174
99 185
99 193
99 194
99 195
99 199
99 202
99 205
99 210
99 211
99 228
99 230
99 233
99 236
99 239
99 243
99 244
100 107
100 110
100 118
100 127
100 129
100 133
100 134
100 137
100 140
100 151
100 152
100 154
100 159
100 164
100 169
100 171
100 173
100 175
100 177
100 183
100 195
100 197
100 200
100 213
100 221
100 224
100 225
100 236
100 249
101 102
101 103
101 109
101 115
101 119
101 123
101 124
101 138
101 141
101 143
101 146
101 152
101 158
101 166
101 172
101 177
101 179
101 183
101 184
101 191
101 195
101 200
101 201
101 206
101 218
101 221
101 224
101 228
101 229
101 234
101 237
102 108
102 113
102 115
102 118
102 124
102 128
102 133
102 134
102 145
102 148
102 154
102 156
102 162
102 163
102 171
102 172
102 174
102 177
102 180
102 181
102 186
102 192
102 193
102 200
102 208
102 212
102 213
102 214
102 216
102 220
102 222
102 226
102 227
102 247
102 250
103 137
103 140
103 153
103 159
103 169
103 176
103 178
103 185
103 192
103 200
103 202
103 212
103 214
103 219
103 221
103 224
103 227
103 234
103 236
103 237
103 238
103 241
103 248
104 108
104 109
104 111
104 114
104 116
104 125
104 139
104 142
104 143
104 145
104 154
104 156
104 165
104 167
104 170
104 206
104 213
104 224
104 227
104 235
104 236
104 237
104 240
104 241
105 111
105 114
105 119
105 123
105 125
105 137
105 139
105 147
105 149
105 159
105 161
105 165
105 174
105 177
105 187
105 192
105 193
105 194
105 198
105 203
105 205
105 208
105 218
105 220
105 221
105 226
105 227
105 231
105 233
105 234
105 238
105 240
106 111
106 115
106 116
106 128
106 131
106 137
106 144
106 150
106 152
106 156
106 159
106 161
106 163
106 173
106 177
106 180
106 186
106 194
106 195
106 198
106 199
106 201
106 202
106 203
106 215
106 216
106 218
106 219
106 222
106 223
106 233
106 237
106 242
106 250
107 109
107 117
107 125
107 127
107 135
107 151
107 155
107 159
107 162
107 167
107 168
107 172
107 173
107 177
107 193
107 194
107 200
107 202
107 203
107 210
107 214
107 215
107 221
107 243
107 244
107 248
108 110
108 118
108 123
108 125
108 144
108 145
108 147
108 166
108 172
108 175
108 180
108 186
108 187
108 193
108 194
108 200
108 202
108 211
108 212
108 215
108 224
108 225
108 227
108 229
108 231
108 242
108 244
108 249
109 114
109 125
109 126
109 131
109 133
109 136
109 140
109 143
109 148
109 153
109 170
109 173
109 178
109 195
109 199
109 203
109 216
109 219
109 226
109 235
109 240
109 246
110 111
110 116
110 118
110 119
110 124
110 128
110 146
110 152
110 165
110 175
110 182
110 190
110 193
110 195
110 197
110 198
110 211
110 214
110 216
110 231
110 235
110 240
110 245
110 246
111 114
111 118
111 123
111 128
111 134
111 136
111 139
111 141
111 142
111 147
111 151
111 152
111 157
111 161
111 163
111 169
111 174
111 175
111 177
111 181
111 186
111 187
111 197
111 198
111 201
111 205
111 217
111 218
111 220
111 222
111 230
111 233
111 248
112 117
112 119
112 120
112 122
112 125
112 132
112 141
112 147
112 153
112 154
112 160
112 164
112 165
112 171
112 183
112 187
112 195
112 199
112 205
112 210
112 214
112 227
112 230
112 232
112 244
112 249
113 115
113 117
113 119
113 124
113 132
113 139
113 140
113 141
113 143
113 157
113 168
113 173
113 183
113 185
113 189
113 205
113 206
113 216
113 218
113 220
113 233
113 236
113 238
113 241
113 242
113 244
113 246
113 249
113 250
114 130
114 137
114 148
114 156
114 170
114 176
114 177
114 178
114 180
114 185
114 190
114 197
114 205
114 212
114 218
114 224
114 225
114 229
114 233
114 235
114 240
114 242
114 245
114 249
115 126
115 129
115 147
115 148
115 149
115 157
115 167
115 180
115 184
115 187
115 188
115 197
115 199
115 204
115 205
115 206
115 209
115 213
115 230
115 231
115 232
115 243
116 126
116 130
116 140
116 145
116 152
116 155
116 161
116 163
116 165
116 171
116 174
116 182
116 187
116 190
116 193
116 196
116 197
116 204
116 206
116 211
116 215
116 217
116 220
116 223
116 226
116 227
116 243
117 124
117 130
117 132
117 135
117 138
117 143
117 144
117 146
117 147
117 153
117 164
117 170
117 177
117 182
117 193
117 199
117 200
117 202
117 207
117 208
117 215
117 217
117 218
117 221
117 222
117 223
117 233
117 236
117 241
117 249
118 130
118 132
118 134
118 144
118 146
118 149
118 154
118 162
118 176
118 177
118 185
118 190
118 204
118 206
118 212
118 213
118 222
118 227
118 231
118 233
118 236
118 244
118 246
118 250
119 120
119 127
119 129
119 130
119 132
119 134
119 138
119 145
119 151
119 153
119 156
119 160
119 167
119 168
119 171
119 172
119 173
119 180
119 187
119 192
119 193
119 200
119 201
119 202
119 205
119 211
119 215
119 220
119 221
119 223
119 226
119 229
119 241
119 249
120 124
120 125
120 129
120 134
120 140
120 155
120 156
120 167
120 171
120 177
120 184
120 190
120 194
120 198
120 204
120 209
120 221
120 222
120 223
120 237
120 240
120 243
120 244
120 248
121 124
121 126
121 143
121 144
121 147
121 151
121 154
121 158
121 162
121 165
121 168
121 182
121 194
121 201
121 202
121 212
121 214
121 217
121 220
121 225
121 240
121 247
121 249
122 134
122 137
122 138
122 142
122 147
122 148
122 156
122 170
122 182
122 187
122 195
122 196
122 201
122 207
122 212
122 215
122 220
122 240
122 243
122 247
123 127
123 130
123 137
123 140
123 143
123 146
123 162
123 163
123 171
123 173
123 177
123 178
123 183
123 185
123 194
123 201
123 202
123 204
123 206
123 212
123 217
123 218
123 222
123 226
123 229
123 232
123 236
123 237
123 240
123 245
124 128
124 132
124 135
124 136
124 141
124 143
124 145
124 159
124 162
124 171
124 175
124 185
124 186
124 188
124 194
124 217
124 219
124 229
124 230
124 234
124 236
124 244
124 247
125 126
125 128
125 130
125 131
125 132
125 148
125 149
125 162
125 171
125 175
125 178
125 187
125 192
125 196
125 197
125 216
125 221
125 223
125 229
125 231
125 235
125 244
125 248
125 249
126 128
126 132
126 135
126 136
126 141
126 148
126 149
126 158
126 159
126 161
126 165
126 167
126 178
126 180
126 182
126 184
126 187
126 193
126 205
126 207
126 210
126 211
126 215
126 216
126 218
126 225
126 233
126 237
126 244
126 248
126 250
127 128
127 129
127 130
127 137
127 140
127 156
127 157
127 160
127 166
127 174
127 176
127 179
127 180
127 190
127 192
127 202
127 207
127 209
127 212
127 219
127 225
127 228
127 229
127 231
127 232
127 240
127 249
128 132
128 143
128 147
128 150
128 169
128 174
128 179
128 181
128 188
128 192
128 195
128 198
128 199
128 204
128 209
128 211
128 217
128 221
128 223
128 224
128 226
128 228
128 237
128 238
128 240
128 247
129 140
129 146
129 148
129 150
129 151
129 153
129 156
129 157
129 160
129 165
129 176
129 179
129 180
129 188
129 191
129 199
129 202
129 205
129 216
129 225
129 231
129 237
129 242
129 244
129 248
129 249
130 143
130 154
130 161
130 165
130 169
130 177
130 182
130 185
130 186
130 189
130 191
130 193
130 194
130 195
130 197
130 198
130 201
130 205
130 208
130 219
130 223
130 246
130 249
131 141
131 147
131 160
131 161
131 181
131 185
131 186
131 193
131 194
131 198
131 199
131 202
131 211
131 219
131 221
131 222
131 224
131 225
131 226
131 227
131 228
131 240
131 246
132 138
132 139
132 163
132 169
132 173
132 175
132 186
132 190
132 191
132 192
132 193
132 196
132 198
132 202
132 204
132 214
132 220
132 232
132 235
132 241
132 243
132 249
133 152
133 153
133 156
133 159
133 174
133 178
133 183
133 185
133 193
133 199
133 218
133 219
133 226
133 234
133 239
133 240
133 242
134 135
134 149
134 152
134 160
134 163
134 168
134 169
134 171
134 179
134 183
134 184
134 185
134 189
134 199
134 210
134 218
134 222
134 235
134 246
134 250
135 137
135 138
135 149
135 151
135 159
135 166
135 171
135 174
135 176
135 186
135 194
135 197
135 200
135 201
135 204
135 210
135 215
135 225
135 238
135 240
135 243
136 137
136 150
136 158
136 164
136 170
136 173
136 174
136 177
136 178
136 185
136 197
136 210
136 219
136 221
136 228
136 230
136 232
136 236
136 240
136 241
136 244
136 245
136 247
137 139
137 141
137 155
137 166
137 168
137 171
137 172
137 173
137 174
137 177
137 178
137 183
137 184
137 185
137 193
137 200
137 204
137 205
137 212
137 214
137 216
137 220
137 222
137 231
137 234
137 243
137 245
137 250
138 142
138 144
138 146
138 151
138 153
138 157
138 159
138 162
138 168
138 174
138 180
138 184
138 192
138 198
138 201
138 219
138 229
138 234
138 238
138 240
138 244
138 245
138 248
139 140
139 145
139 155
139 156
139 159
139 164
139 169
139 175
139 185
139 191
139 201
139 204
139 209
139 219
139 229
139 239
139 240
139 241
140 147
140 152
140 156
140 163
140 166
140 168
140 173
140 178
140 181
140 182
140 185
140 187
140 196
140 206
140 210
140 219
140 229
140 233
140 234
140 239
140 242
140 248
141 142
141 147
141 154
141 158
141 162
141 165
141 175
141 182
141 196
141 202
141 203
141 213
141 217
141 225
141 228
141 229
141 232
141 238
141 243
141 248
142 154
142 156
142 161
142 162
142 166
142 182
142 187
142 193
142 201
142 206
142 207
142 208
142 210
142 212
142 214
142 215
142 218
142 224
142 228
142 229
142 230
142 231
142 235
142 236
142 239
143 151
143 158
143 159
143 161
143 163
143 168
143 172
143 175
143 176
143 181
143 186
143 192
143 196
143 208
143 210
143 217
143 220
143 222
143 230
143 235
143 238
143 240
144 145
144 146
144 162
144 163
144 165
144 166
144 168
144 171
144 182
144 183
144 184
144 188
144 199
144 214
144 217
144 219
144 223
144 228
144 233
144 234
144 236
144 241
144 247
144 248
144 250
145 146
145 148
145 155
145 164
145 172
145 179
145 183
145 186
145 193
145 197
145 198
145 202
145 204
145 212
145 219
145 220
145 226
145 230
145 232
145 233
145 241
145 244
146 151
146 155
146 158
146 159
146 164
146 165
146 179
146 180
146 187
146 195
146 197
146 199
146 204
146 207
146 208
146 211
146 213
146 217
146 221
146 235
146 236
146 238
146 245
147 156
147 166
147 168
147 170
147 171
147 181
147 183
147 190
147 193
147 195
147 198
147 199
147 203
147 210
147 211
147 237
147 240
147 243
147 245
148 149
148 157
148 180
148 185
148 187
148 188
148 189
148 194
148 236
148 239
148 243
148 249
149 150
149 153
149 154
149 163
149 171
149 175
149 177
149 185
149 187
149 198
149 202
149 204
149 205
149 211
149 216
149 217
149 218
149 224
149 229
149 230
149 231
149 238
149 240
149 242
149 246
149 250
150 152
150 153
150 154
150 175
150 179
150 184
150 213
150 218
150 235
150 237
150 243
150 247
150 248
150 249
150 250
151 155
151 156
151 158
151 164
151 165
151 166
151 168
151 169
151 178
151 182
151 206
151 222
151 224
151 230
151 233
151 236
151 239
151 247
152 156
152 160
152 170
152 175
152 176
152 182
152 185
152 190
152 191
152 192
152 200
152 202
152 203
152 221
152 224
152 228
152 229
152 236
152 238
152 241
152 245
152 247
153 154
153 155
153 160
153 164
153 169
153 181
153 183
153 194
153 195
153 200
153 202
153 205
153 209
153 236
154 156
154 161
154 163
154 164
154 167
154 168
154 172
154 176
154 177
154 178
154 182
154 185
154 186
154 192
154 196
154 200
154 203
154 208
154 209
154 211
154 217
154 225
154 227
154 246
154 248
155 156
155 158
155 159
155 160
155 162
155 167
155 170
155 176
155 177
155 183
155 185
155 193
155 199
155 200
155 202
155 214
155 218
155 221
156 157
156 160
156 161
156 162
156 182
156 184
156 204
156 218
156 219
156 222
156 238
156 241
156 247
156 248
157 161
157 169
157 180
157 183
157 185
157 194
157 209
157 219
157 223
157 226
157 227
157 230
157 233
157 236
157 242
158 167
158 168
158 169
158 170
158 172
158 173
158 174
158 176
158 190
158 191
158 192
158 202
158 204
158 207
158 208
158 214
158 216
158 217
158 221
158 224
158 227
158 228
158 232
158 235
158 237
158 242
158 243
158 245
158 247
159 162
159 163
159 165
159 170
159 171
159 176
159 180
159 183
159 192
159 202
159 204
159 207
159 211
159 212
159 216
159 220
159 225
159 227
159 234
159 235
159 240
159 241
159 246
160 165
160 168
160 172
160 175
160 178
160 183
160 193
160 198
160 200
160 206
160 208
160 210
160 213
160 215
160 216
160 218
160 219
160 224
160 227
160 228
160 232
160 235
160 239
160 240
160 249
161 165
161 167
161 170
161 171
161 176
161 178
161 179
161 196
161 198
161 200
161 205
161 208
161 218
161 222
161 243
161 246
162 167
162 168
162 179
162 186
162 191
162 193
162 205
162 215
162 217
162 221
162 225
162 237
162 243
162 248
163 166
163 173
163 180
163 182
163 183
163 190
163 191
163 192
163 199
163 203
163 204
163 206
163 208
163 211
163 216
163 222
163 225
163 227
163 236
163 247
163 248
164 165
164 168
164 172
164 175
164 178
164 183
164 187
164 192
164 194
164 203
164 204
164 213
164 215
164 216
164 223
164 228
164 233
164 239
164 246
164 248
165 166
165 169
165 171
165 178
165 192
165 198
165 201
165 203
165 205
165 209
165 213
165 216
165 224
165 225
165 228
165 231
165 234
165 243
166 167
166 169
166 187
166 193
166 197
166 201
166 202
166 217
166 218
166 220
166 223
166 233
166 237
166 238
166 239
166 242
166 246
167 173
167 176
167 180
167 184
167 185
167 187
167 190
167 192
167 193
167 194
167 206
167 211
167 222
167 228
167 237
167 238
167 240
167 242
168 173
168 176
168 179
168 185
168 192
168 195
168 198
168 206
168 217
168 224
168 228
168 229
168 239
168 245
168 246
168 247
169 170
169 171
169 173
169 176
169 178
169 180
169 184
169 188
169 190
169 192
169 193
169 202
169 204
169 211
169 218
169 220
169 232
169 233
169 237
170 177
170 178
170 183
170 184
170 195
170 196
170 198
170 201
170 209
170 216
170 225
170 230
170 232
170 233
170 237
170 240
170 245
170 247
170 249
170 250
171 172
171 174
171 185
171 195
171 198
171 212
171 219
171 220
171 221
171 241
171 246
172 186
172 188
172 189
172 196
172 199
172 200
172 201
172 203
172 208
172 209
172 211
172 213
172 215
172 220
172 223
172 227
172 229
172 231
172 234
172 236
172 239
172 245
172 249
173 179
173 185
173 191
173 192
173 193
173 198
173 203
173 209
173 210
173 213
173 214
173 222
173 227
173 231
173 237
173 240
173 241
173 246
173 249
174 177
174 183
174 185
174 197
174 198
174 199
174 206
174 208
174 213
174 216
174 217
174 234
174 237
174 238
174 239
174 240
174 241
174 245
174 247
174 250
175 187
175 190
175 193
175 194
175 195
175 198
175 207
175 208
175 212
175 214
175 219
175 226
175 229
175 230
175 245
175 246
176 178
176 194
176 202
176 210
176 214
176 218
176 237
176 241
176 243
176 249
177 181
177 188
177 189
177 196
177 199
177 203
177 212
177 213
177 216
177 217
177 222
177 225
177 235
177 241
177 242
178 180
178 185
178 188
178 193
178 204
178 211
178 212
178 215
178 226
178 232
178 244
178 246
178 249
179 181
179 183
179 186
179 202
179 205
179 206
179 208
179 213
179 214
179 219
179 223
179 227
179 234
180 184
180 186
180 190
180 195
180 212
180 218
180 238
180 241
180 243
180 248
180 249
181 188
181 193
181 211
181 215
181 217
181 219
181 223
181 230
181 233
181 238
181 245
181 246
181 249
181 250
182 196
182 202
182 222
182 223
182 227
182 231
182 234
182 235
182 237
182 245
182 248
183 186
183 187
183 194
183 205
183 209
183 211
183 212
183 213
183 216
183 217
183 219
183 224
183 226
183 235
183 240
183 244
184 185
184 193
184 196
184 201
184 202
184 208
184 212
184 215
184 216
184 219
184 226
184 228
184 230
184 233
184 235
184 236
184 241
184 250
185 189
185 193
185 204
185 209
185 215
185 236
185 238
185 249
186 205
186 206
186 213
186 223
186 233
186 237
186 239
186 246
187 195
187 197
187 199
187 203
187 208
187 212
187 216
187 230
187 232
187 234
187 240
188 195
188 202
188 204
188 206
188 209
188 214
188 216
188 235
188 240
188 242
189 198
189 199
189 207
189 208
189 209
189 210
189 211
189 213
189 225
189 231
189 232
189 247
189 250
190 194
190 199
190 200
190 208
190 212
190 215
190 216
190 218
190 220
190 221
190 224
190 230
190 234
190 236
191 198
191 202
191 207
191 208
191 222
191 229
191 230
191 232
191 234
191 235
191 241
191 247
192 197
192 199
192 204
192 222
192 223
192 231
192 233
192 236
193 197
193 202
193 203
193 207
193 214
193 220
193 221
193 235
193 237
193 250
194 201
194 207
194 208
194 209
194 211
194 214
194 219
194 221
194 231
194 234
194 242
194 245
195 196
195 197
195 201
195 202
195 207
195 210
195 211
195 212
195 220
195 221
195 223
195 225
195 230
195 234
195 235
195 238
195 244
195 246
196 199
196 200
196 207
196 211
196 217
196 218
196 223
196 235
196 240
196 243
196 246
197 202
197 205
197 213
197 217
197 219
197 220
197 221
197 225
197 234
197 238
197 239
197 245
197 247
197 248
198 201
198 202
198 204
198 206
198 207
198 218
198 225
198 227
198 230
198 234
198 235
198 245
199 207
199 210
199 212
199 219
199 223
199 226
199 228
199 235
199 238
199 245
199 248
200 203
200 206
200 208
200 213
200 214
200 216
200 228
200 240
200 249
201 213
201 214
201 217
201 219
201 229
201 231
201 242
201 244
201 245
201 250
202 211
202 213
202 214
202 216
202 218
202 220
202 223
202 230
202 233
202 236
202 238
202 250
203 212
203 216
203 217
203 221
203 224
203 228
203 231
203 232
203 236
203 237
203 238
203 239
203 248
204 212
204 225
204 229
204 233
204 234
204 242
204 247
205 208
205 211
205 224
205 225
205 226
205 228
205 233
205 234
205 236
205 237
205 242
205 243
205 247
206 218
206 240
207 215
207 231
207 234
207 236
207 239
207 242
207 248
208 210
208 220
208 235
209 224
209 225
209 229
209 233
209 234
209 238
209 245
209 249
210 217
210 218
210 221
210 223
210 227
210 233
210 240
210 244
210 247
210 248
211 222
211 240
211 244
211 250
212 218
212 228
212 233
212 235
212 236
212 239
213 215
213 222
213 223
213 228
213 229
213 231
213 234
213 235
213 239
213 243
213 244
213 249
213 250
214 215
214 221
214 224
214 225
214 226
214 238
214 247
214 248
214 249
215 219
215 224
215 229
215 232
215 235
215 238
215 241
215 246
215 247
216 219
216 220
216 223
216 234
216 235
216 243
216 249
217 223
217 227
217 239
217 245
217 247
218 219
218 221
218 225
218 227
218 232
218 243
218 246
219 220
219 221
219 225
219 227
219 228
219 232
219 246
220 223
220 224
220 225
220 226
220 233
220 235
220 236
220 250
221 234
221 237
221 238
221 243
221 248
222 225
222 246
222 250
223 224
223 225
223 231
223 232
223 234
223 236
223 238
223 241
223 246
224 226
224 237
224 244
224 245
224 249
225 228
225 236
225 239
225 242
225 243
225 246
225 247
225 249
226 231
226 236
226 237
226 239
227 232
227 236
227 243
227 246
228 232
228 239
228 245
228 248
229 236
229 237
229 243
229 250
230 231
230 233
230 235
230 237
230 244
231 233
231 234
232 233
232 245
233 234
233 236
233 250
234 235
234 238
234 243
235 238
235 240
235 241
235 247
235 248
236 238
237 243
237 244
238 249
239 242
240 246
241 249
242 247
242 250
243 244
243 245
243 248
244 248
245 247
247 249
248 250
